9.901797975869088830e-01 7.254203134652234541e-03 -2.397405033798960126e-04 2.805739781817792600e-03 1.214177632147130093e-03 9.397050434933901242e-01 6.630290678687495581e-04 5.841774980659530936e-02 -7.786193846579287530e-05 1.286541655733528010e-03 9.915602965315916117e-01 7.231023751140189595e-03 8.625020641842093966e-05 1.072914370655420058e-02 6.844295350369948138e-04 9.885001765519901840e-01
9.894675014770072385e-01 8.144832940679219702e-03 -9.344227521857184074e-05 2.481107857532555139e-03 1.363506802270219448e-03 9.373405438321996686e-01 8.831920131957492724e-04 6.041275735233486710e-02 -3.035922087874779916e-05 1.714064744987845237e-03 9.903615108094020458e-01 7.954783666488506738e-03 7.628939803319039273e-05 1.109614374449488516e-02 7.528348236354302260e-04 9.880747320338365558e-01
9.889403299869045094e-01 8.332625383234967820e-03 2.063058995516496379e-04 2.520738730309529663e-03 1.395435409372914465e-03 9.352545420953617406e-01 1.042231546930646405e-03 6.230779094833394094e-02 6.706824430530579188e-05 2.023213075791466253e-03 9.892169788937488217e-01 8.692739786153967987e-03 7.753331357511624930e-05 1.144392447913442079e-02 8.224545353111953512e-04 9.876560876719790993e-01
9.880337683397961701e-01 9.323986119959479235e-03 2.505776814080999042e-04 2.391667858837057126e-03 1.561833191561150941e-03 9.334126850916166784e-01 1.063634646933977242e-03 6.396184706988761182e-02 8.150353527185641596e-05 2.065349274729399130e-03 9.885989667234166278e-01 9.254180466581765283e-03 7.357959250095264664e-05 1.174747360953823372e-02 8.753070269840944025e-04 9.873036397709766820e-01
9.873650679254194484e-01 9.307410131810883724e-03 2.748674165318580327e-04 3.052654526238235411e-03 1.559341715703838754e-03 9.317586512129646392e-01 1.164829512751207417e-03 6.551717755857933145e-02 8.943498906695723956e-05 2.262216249150337567e-03 9.879509283934693187e-01 9.697420368314047662e-03 9.393827422874995864e-05 1.203393480376241387e-02 9.171427649437840102e-04 9.869549841570650628e-01
9.868898240069980954e-01 9.537528397079136910e-03 3.408049462307990627e-04 3.231842649692173719e-03 1.598187912870339261e-03 9.303059686870781553e-01 1.160914981769654592e-03 6.693492841828174722e-02 1.109241497876070924e-04 2.254907014131517576e-03 9.872412545543962636e-01 1.039291428168460756e-02 9.947755241162441545e-05 1.229520258238070429e-02 9.828607886842701327e-04 9.866224590765235725e-01
9.864989101214214351e-01 9.799345168023526620e-03 4.629050777565977106e-04 3.238839632799750401e-03 1.642347416995103976e-03 9.290084068151213126e-01 1.149945880228028794e-03 6.819929988765438544e-02 1.507147101355033872e-04 2.233948326038324734e-03 9.865614227221226606e-01 1.105391424170509840e-02 9.971821307445819307e-05 1.252843956537805226e-02 1.045291540063640568e-03 9.863265506814840045e-01
9.861122758570765034e-01 1.022315443216249842e-02 4.808565416873006922e-04 3.183713169072885374e-03 1.713691801545791371e-03 9.278291954281338016e-01 1.188719378574358250e-03 6.926839339174539756e-02 1.566216624228103610e-04 2.309765263280965254e-03 9.859744945833114338e-01 1.155911849098565682e-02 9.804510624072558175e-05 1.272563037435364697e-02 1.092899941103582691e-03 9.860834245783021146e-01
9.856255546014710545e-01 1.111874857441329245e-02 1.504135958878249891e-04 3.105283228227909142e-03 1.864178016087736367e-03 9.267656409939522000e-01 1.224035364837696132e-03 7.014614562512311302e-02 4.901212737644655297e-05 2.378915154145026713e-03 9.855661493265736040e-01 1.200592339190661648e-02 9.565308356807543377e-05 1.288754211171350139e-02 1.134950356288002161e-03 9.858818544484301283e-01
9.853987895459381807e-01 1.138645527665234358e-02 1.972192371558297746e-04 3.017535940253557314e-03 1.909528555222375634e-03 9.258180574725041190e-01 1.254177571246741516e-03 7.101823640102589152e-02 6.429148775758957866e-05 2.437954626413471430e-03 9.849920978699182594e-01 1.250565601591045392e-02 9.297183050428151768e-05 1.304761703296553055e-02 1.181955722976889235e-03 9.856774554135534494e-01
9.850736967620690177e-01 1.224505616567322930e-02 -1.912235151435483921e-05 2.700369423772455701e-03 2.053932198457238123e-03 9.249395494116815497e-01 1.356061793860265270e-03 7.165045659600088879e-02 -6.235979067282864611e-06 2.636437679577766178e-03 9.845611637802451632e-01 1.280863451924396830e-02 8.322036604285158040e-05 1.316437000997575102e-02 1.210447400687932832e-03 9.855419622232932664e-01
9.848858591108562432e-01 1.256123625965926971e-02 -6.142892123711408145e-05 2.614333550720077115e-03 2.107375078683554337e-03 9.241666531985300859e-01 1.400797608860056623e-03 7.232517411392547224e-02 -2.003957214630817084e-05 2.723839366536788369e-03 9.840742402939197664e-01 1.322195991168867782e-02 8.058913739868254350e-05 1.328909918840859294e-02 1.249383570592942430e-03 9.853809281036001178e-01
9.847234828810046414e-01 1.282578261322073199e-02 -1.234761827714257829e-04 2.574210688544756320e-03 2.152156648150920643e-03 9.234580536458978361e-01 1.481032314306875847e-03 7.290875739164370817e-02 -4.029433448423928757e-05 2.880284069598053331e-03 9.836164084530414353e-01 1.354360181184378377e-02 7.937253247833082198e-05 1.339725550884654504e-02 1.279674549135375802e-03 9.852436974095400979e-01
9.845988091988121527e-01 1.300032806514134220e-02 -1.452660346264903293e-04 2.546128770672978492e-03 2.181906858439636165e-03 9.228381232620037622e-01 1.483406119288995829e-03 7.349656376026758586e-02 -4.742096438725675533e-05 2.885256784815440172e-03 9.831711714913000666e-01 1.399099268827059053e-02 7.852632785982369482e-05 1.350579221163472621e-02 1.321834716598380491e-03 9.850938467439070978e-01
9.844796329802613100e-01 1.332368972024081111e-02 -1.937412978858809882e-04 2.390418597383869859e-03 2.236825496058310325e-03 9.222584428109255050e-01 1.542460867856809692e-03 7.396227082515949292e-02 -6.326762879022040150e-05 3.000308510611148990e-03 9.827525107805991089e-01 1.431044833757971410e-02 7.374133316995039322e-05 1.359063248895733822e-02 1.351857494709361729e-03 9.849837686831628414e-01
9.843839148740665124e-01 1.348879976000058600e-02 -2.349268100406974352e-04 2.362212175973155137e-03 2.265064808727231677e-03 9.217554914432902757e-01 1.520176465182020761e-03 7.445926728280116702e-02 -7.674286296377638413e-05 2.957277608063830100e-03 9.823565559324290986e-01 1.476290932247089314e-02 7.288928897978240451e-05 1.368220972835362814e-02 1.394476972479479718e-03 9.848504240101868534e-01
9.842650362539562270e-01 1.414598723823365378e-02 -3.374874527853345381e-04 1.926463960595564684e-03 2.376151958652775176e-03 9.212498582996221375e-01 1.659598287709559278e-03 7.471439145401570503e-02 -1.102813552940604992e-04 3.228542387121319419e-03 9.819866313979432881e-01 1.489510757023022360e-02 5.945770868563855782e-05 1.372810506911298356e-02 1.406845677000719691e-03 9.848055915452007536e-01
9.841943526388514663e-01 1.458216982953239316e-02 -3.222839582382975524e-04 1.545761489854524662e-03 2.449753156430537621e-03 9.208218130608782914e-01 1.678984582049848542e-03 7.504944920064182678e-02 -1.053362409705745854e-04 3.266522554077029052e-03 9.816068290012078812e-01 1.523198468568585928e-02 4.771466797985884217e-05 1.378976159814163105e-02 1.438556057440953159e-03 9.847239676764374394e-01
9.841615858287413587e-01 1.467639171043519375e-02 -2.869390060726996873e-04 1.448961466896048211e-03 2.465431853789411265e-03 9.203927086967288451e-01 1.829534706466022682e-03 7.531232474301663427e-02 -9.378369041295321444e-05 3.559628480397415001e-03 9.812320018878355476e-01 1.530215332218005583e-02 4.472657319546085447e-05 1.383888608106906282e-02 1.445185546423032345e-03 9.846712017993122235e-01
9.841618938853710086e-01 1.439920656093179874e-02 -1.832943557657073369e-04 1.622193909463776063e-03 2.418804576826995983e-03 9.200463779561122157e-01 1.796760816611064904e-03 7.573805665045041380e-02 -5.990707400608196419e-05 3.495884410926464181e-03 9.808724935291437408e-01 1.569152913393654508e-02 5.007360383627815908e-05 1.391739713619336016e-02 1.481979969129231531e-03 9.845505492908410705e-01
9.841174416826784510e-01 1.447466916435841133e-02 -2.302327853509653316e-04 1.638121938313391590e-03 2.431457598877154180e-03 9.197395730272682757e-01 1.728015864671170448e-03 7.610095350918377743e-02 -7.525057891666068924e-05 3.362268166929918527e-03 9.805654751336826402e-01 1.614750727830473187e-02 5.056796124790988861e-05 1.398496107558003243e-02 1.525077904862143230e-03 9.844393930583097418e-01
9.841072604207886654e-01 1.425473434837257192e-02 -2.401244493663467388e-04 1.878129680203594054e-03 2.394366322226386401e-03 9.194182137651254472e-01 1.796898884789686728e-03 7.639052102785937048e-02 -7.848204933822068184e-05 3.496440361587968733e-03 9.802568705656664605e-01 1.632517112208358573e-02 5.797688403003271873e-05 1.403903638451056701e-02 1.541888906887532457e-03 9.843610978245719290e-01
9.841067767165655455e-01 1.401571846034599389e-02 -2.091166475569217892e-04 2.086621470646532472e-03 2.354033585422753844e-03 9.191365107744093876e-01 1.807395266330894673e-03 7.670206037383697772e-02 -6.834611266119322635e-05 3.517070396181381717e-03 9.799568353308497626e-01 1.659444038562998130e-02 6.441313374394661700e-05 1.409744786208289025e-02 1.567357829365927623e-03 9.842707811748074853e-01
9.840575960399656763e-01 1.434731948526782319e-02 -3.103577753494866920e-04 1.905442250115296776e-03 2.409767451177446257e-03 9.188585353028659863e-01 1.868527118118813377e-03 7.686317012783638880e-02 -1.014399158567431351e-04 3.636145812884976694e-03 9.796940083479135364e-01 1.677128575505705543e-02 5.882297773013387548e-05 1.412749435430199485e-02 1.584058890515254586e-03 9.842296237774528223e-01
9.840274292036307324e-01 1.474518003423386237e-02 -2.627739387593894509e-04 1.490164700893442662e-03 2.476482569415419666e-03 9.186268154101918659e-01 1.832176924149646162e-03 7.706452509624306391e-02 -8.588548906989236747e-05 3.565494043028403538e-03 9.794182143024786624e-01 1.710217714356157895e-02 4.600279276361935593e-05 1.416508668850463559e-02 1.615339542903060973e-03 9.841735709758290263e-01
9.840348036150077249e-01 1.432146694069380555e-02 -3.206434417274434817e-04 1.964372886024995379e-03 2.405066205612729074e-03 9.183918229909540099e-01 1.861924121961255809e-03 7.734118668147182962e-02 -1.047975423429902124e-04 3.623691219916607559e-03 9.791726021984823447e-01 1.730850412394343771e-02 6.064254645643529784e-05 1.421755113208467147e-02 1.634874041101836914e-03 9.840869322803571517e-01
9.840729848754258269e-01 1.379585487141252176e-02 -1.994473503751531020e-04 2.330607603535636563e-03 2.316594172041951810e-03 9.181814724054385701e-01 1.858226891734909587e-03 7.764370653078489504e-02 -6.518508313032214522e-05 3.616740513110172639e-03 9.789060027987841472e-01 1.754244177123469306e-02 7.194901393788510555e-05 1.427449012063486400e-02 1.657012476260097357e-03 9.839965483891675024e-01
9.840753350140026834e-01 1.381930357639890583e-02 -1.344522562056546392e-04 2.239813665803447318e-03 2.320327220949665314e-03 9.179426709795823758e-01 1.991466276845548986e-03 7.774553552262131184e-02 -4.394194185121388734e-05 3.876332563243493207e-03 9.786556290424343052e-01 1.751198033617252028e-02 6.914643128821690993e-05 1.429454256890588804e-02 1.654177048871707844e-03 9.839821339509344789e-01
9.840523850642872716e-01 1.405976389958391026e-02 -1.711675064149112630e-04 2.059018542543727959e-03 2.360637475659854018e-03 9.177438560617406926e-01 2.017355359147549564e-03 7.787815110345175373e-02 -5.594015359505809595e-05 3.926751943851150908e-03 9.784376546019895038e-01 1.769153360775293365e-02 6.356462035232192387e-05 1.431922662749954278e-02 1.671161227052510041e-03 9.839460475250959570e-01
9.840603958668936446e-01 1.384139257836083936e-02 -1.673251656094961294e-04 2.265536720356273181e-03 2.323686248489619660e-03 9.175660121526743040e-01 2.011917686084980280e-03 7.809838391275170100e-02 -5.468609512956353969e-05 3.916770788762695757e-03 9.782244987951214110e-01 1.791341651124488815e-02 6.994057533329239851e-05 1.436158723709574092e-02 1.692079908117390726e-03 9.838763922794533379e-01
9.840535247075428149e-01 1.396412277141750868e-02 -1.500897630553388101e-04 2.132442284097132990e-03 2.343979931298128400e-03 9.173701056677723287e-01 2.097203622093883960e-03 7.818871077883693399e-02 -4.905463738380760712e-05 4.083469971410591884e-03 9.780139162736788405e-01 1.795166839229491579e-02 6.583229263261046113e-05 1.438021952659318536e-02 1.695655074038835081e-03 9.838582931067347825e-01
9.840510349995401640e-01 1.392384991241180092e-02 -1.581114283965343427e-04 2.183226516443523280e-03 2.336787259403640821e-03 9.172243022907604626e-01 2.035927785040453526e-03 7.840298266479495126e-02 -5.167887343826503533e-05 3.965083177890610551e-03 9.778233996025867958e-01 1.826319609295961460e-02 6.740119468670157515e-05 1.442253292189318858e-02 1.725026628962904492e-03 9.837850392544570388e-01
9.840482646920105658e-01 1.407983590052006018e-02 -6.971913902045811032e-05 1.941618546489734531e-03 2.362755272046386523e-03 9.170759748224238672e-01 2.000998816658410527e-03 7.856027108887164712e-02 -2.278924951320691807e-05 3.897657667379199331e-03 9.776251865751320880e-01 1.849994500700232608e-02 5.994202740062203050e-05 1.445271177511231464e-02 1.747269698651583714e-03 9.837400764988352142e-01
9.840613943243857742e-01 1.377793916670380647e-02 -8.429708986010194015e-05 2.244963598771035351e-03 2.312029093081906933e-03 9.169334490714791119e-01 1.968346048122226848e-03 7.878617578731672566e-02 -2.755617178513383898e-05 3.834411533940772047e-03 9.774505538117174153e-01 1.874259082612651089e-02 6.930596768472832916e-05 1.449446924864886133e-02 1.770046399009866760e-03 9.836661783846567531e-01
9.840627736875290354e-01 1.371018231790789577e-02 -9.801490136151147156e-05 2.325058895924089764e-03 2.300554344599001905e-03 9.167831297117009504e-01 1.978955244501575794e-03 7.893736069919876641e-02 -3.204307526717675974e-05 3.855571740467411690e-03 9.772815889197152828e-01 1.889488241508480160e-02 7.177774121384190506e-05 1.452276010984049348e-02 1.784259179462078940e-03 9.836212029694837433e-01
9.840424594658868651e-01 1.396597707273447564e-02 -1.694764554079629696e-04 2.161039916786441917e-03 2.343348979993820774e-03 9.166189133671699407e-01 2.049170422457669873e-03 7.898856723037694927e-02 -5.540989332180490000e-05 3.992917850231939882e-03 9.771258732664336311e-01 1.893661877665653998e-02 6.671351278690748274e-05 1.453281051157800929e-02 1.788032936545485858e-03 9.836124430390900120e-01
9.840605783489221325e-01 1.362963800272391779e-02 -1.684241655840609201e-04 2.478207813936705861e-03 2.286870518197366836e-03 9.164786623437594093e-01 2.057484892800368840e-03 7.917698224524372108e-02 -5.507135057925373941e-05 4.009596992640447957e-03 9.769692398028718694e-01 1.907623455506589003e-02 7.650334234057505969e-05 1.456747823894316562e-02 1.801001266479419034e-03 9.835550171522369212e-01
9.840407140713109957e-01 1.385008189731531947e-02 -2.366888244551299068e-04 2.345892855829354029e-03 2.323792596689262108e-03 9.163639087118327087e-01 1.982499717968256008e-03 7.932979897351011278e-02 -7.739762736600202132e-05 3.863829969564664714e-03 9.768323964270609894e-01 1.938117123074097406e-02 7.241768217312741576e-05 1.459579581619796507e-02 1.829643897658250404e-03 9.835021426039706194e-01
9.840265256200759758e-01 1.401179025120191657e-02 -2.875884160664229851e-04 2.249272544789987505e-03 2.350857975182966964e-03 9.162382608211755430e-01 1.957628130213954522e-03 7.945325307342809840e-02 -9.404969210242915311e-05 3.815780825651961684e-03 9.766974554856372448e-01 1.958081338081367473e-02 6.943390217713273430e-05 1.461868841259614249e-02 1.848307518527971850e-03 9.834635701666989416e-01
9.840300451570875850e-01 1.396745079957142921e-02 -2.806553508725700822e-04 2.283159394213127302e-03 2.343414575202734662e-03 9.161091223361855773e-01 1.956109461854337907e-03 7.959135362675873182e-02 -9.178844665322153892e-05 3.813079594352341683e-03 9.765590647924707879e-01 1.971964405982913615e-02 7.047861188093362816e-05 1.464384165675042260e-02 1.861253330693187890e-03 9.834244264006750669e-01
9.840289977284456535e-01 1.400977979478923441e-02 -2.846093957114526583e-04 2.245831872477926927e-03 2.350512123870475423e-03 9.159622962342928165e-01 2.022055127808822152e-03 7.966513651402828966e-02 -9.308778434497603778e-05 3.941896939009570042e-03 9.764258095719030583e-01 1.972538127343338374e-02 6.932501179129045565e-05 1.465716002088013337e-02 1.861635522874903687e-03 9.834118794444536293e-01
9.840407803470633263e-01 1.394237436968820409e-02 -2.073866344512306434e-04 2.224231917700422723e-03 2.339074732913681148e-03 9.158331577192764250e-01 2.039909414524558248e-03 7.978785813328470589e-02 -6.783487877673853995e-05 3.977185194407388026e-03 9.762880352562516295e-01 1.980261442811696165e-02 6.865759744918969315e-05 1.468040315747051738e-02 1.868782572722711309e-03 9.833821566723579544e-01
9.840569340503326767e-01 1.367413544531907721e-02 -1.890240304572975301e-04 2.457954534806919278e-03 2.293825088815579227e-03 9.157229113354239391e-01 2.006097586737267367e-03 7.997716598902215868e-02 -6.183269853329487393e-05 3.911945680597803815e-03 9.761661091679880720e-01 1.998377784994760306e-02 7.587215775814448726e-05 1.471682682373495754e-02 1.885753843984651909e-03 9.833215471745221370e-01
9.840408094706849518e-01 1.398091674793369710e-02 -2.111739324047195608e-04 2.189447713784820060e-03 2.345323460023467088e-03 9.155678840851272371e-01 2.118377158757839621e-03 7.996841529609255428e-02 -6.908652947761832058e-05 4.131324003379982512e-03 9.760496280422160664e-01 1.988813448388171423e-02 6.758669383903756142e-05 1.471560140837180342e-02 1.876582243995139534e-03 9.833402296537939735e-01
9.840291832281437001e-01 1.421109084497121366e-02 -2.034038988375854199e-04 1.963129825723053390e-03 2.384182868274995620e-03 9.154527885453340730e-01 2.099221336313725206e-03 8.006380725007777865e-02 -6.655601269422005569e-05 4.094247638986208207e-03 9.759385263637291308e-01 2.003378200997892739e-02 6.060584986725819912e-05 1.473294661487656310e-02 1.890168170098055229e-03 9.833162793651578637e-01
9.840318772601391872e-01 1.423055712177895282e-02 -1.811242390780025760e-04 1.918689857158817347e-03 2.387317080459486207e-03 9.153124255517582908e-01 2.177926228907256598e-03 8.012233113887590186e-02 -5.927086568614775954e-05 4.248343840898288412e-03 9.758263598159063745e-01 1.998456720888083793e-02 5.923323543723926429e-05 1.474436419541114152e-02 1.885344535978761542e-03 9.833110580331729800e-01
9.840355912723687259e-01 1.412717223117632148e-02 -1.960441797374510870e-04 2.033280676191920322e-03 2.369905475362265451e-03 9.152247073726985649e-01 2.078225966104941223e-03 8.032716118583493881e-02 -6.416312646799661326e-05 4.054604953633228655e-03 9.757303753412293057e-01 2.027918283160636340e-02 6.276942914188376674e-05 1.478214575705102951e-02 1.912800744344518187e-03 9.832422840694623467e-01
9.840259442029194448e-01 1.434144493389691299e-02 -1.789550738807041907e-04 1.811565937064746334e-03 2.405888880072797748e-03 9.151056216401374233e-01 2.084805376871817946e-03 8.040368410291842682e-02 -5.857908729157922079e-05 4.068004715520464991e-03 9.756301070566113509e-01 2.036046731516056793e-02 5.592314496957392911e-05 1.479553706958078307e-02 1.920112161477581601e-03 9.832284276239718901e-01
9.840354723253215141e-01 1.419405833068748679e-02 -1.670159304091373880e-04 1.937485274400116420e-03 2.381116572877976789e-03 9.149988301506336574e-01 2.058776835044053011e-03 8.056127644144395195e-02 -5.467938916509112622e-05 4.017916971002222920e-03 9.755357810029173793e-01 2.050098141524469078e-02 5.980882424618319537e-05 1.482446814072996277e-02 1.933017337803680192e-03 9.831827056972204382e-01
9.840358472301240500e-01 1.425472735849989125e-02 -1.219438153780708425e-04 1.831369226755516499e-03 2.391246714386025679e-03 9.148955406023860926e-01 2.021825510231778367e-03 8.069138717299639829e-02 -3.992871244873432725e-05 3.946423856375650199e-03 9.754411778707190450e-01 2.065232698535467148e-02 5.653180736733690384e-05 1.484836615695445117e-02 1.946975218413090659e-03 9.831481268172650445e-01
9.840788380784348810e-01 1.357998604561769240e-02 -4.053383849352961365e-05 2.381709714439975145e-03 2.278033207738280191e-03 9.147866276322429435e-01 2.018354368382777389e-03 8.091698479163667024e-02 -1.327427253946162928e-05 3.940303634981559555e-03 9.753449645823024650e-01 2.072800605525500911e-02 7.351812847754572375e-05 1.488965308139172938e-02 1.953755188193510416e-03 9.830830736019372518e-01
9.840670954036137008e-01 1.381008143533432597e-02 -3.946150004770611688e-05 2.162284661099078686e-03 2.316523422672557564e-03 9.146809021868709255e-01 1.992297299171807631e-03 8.101027709128338916e-02 -1.292510893313675118e-05 3.890221340856583540e-03 9.752627557422927085e-01 2.085994802578423554e-02 6.674365264227417535e-05 1.490722355141332889e-02 1.965846949283875291e-03 9.830601858466607723e-01
9.840555486203360624e-01 1.403929334206808523e-02 -3.871272815955201447e-05 1.943870765755236884e-03 2.354865812230287191e-03 9.145752057429468174e-01 1.966293093709168063e-03 8.110363535111038413e-02 -1.268189640166631724e-05 3.840240483329302335e-03 9.751804349975794484e-01 2.099200641549407026e-02 6.000069892680812047e-05 1.492480553261985379e-02 1.977950631857095746e-03 9.830372431365966834e-01
9.840436797682169390e-01 1.426776875631047964e-02 -3.745920253298806973e-05 1.726010678005780036e-03 2.393084964079633149e-03 9.144691397460271709e-01 1.940452268250346694e-03 8.119732302163749915e-02 -1.227394629462318917e-05 3.790577496693442721e-03 9.750980126534315451e-01 2.112368379617166406e-02 5.327481904779205076e-05 1.494244768418909707e-02 1.990018545526985212e-03 9.830142589512367302e-01
9.840323308646228284e-01 1.449552100483555810e-02 -3.664608125817235182e-05 1.508794211800350846e-03 2.431182681228012850e-03 9.143633063178777665e-01 1.914663629328297633e-03 8.129084737155860274e-02 -1.200969502130498016e-05 3.741016672692466186e-03 9.750154482542408019e-01 2.125554476809086990e-02 4.656863780371997292e-05 1.496005931611431479e-02 2.002103545108306886e-03 9.829912685009745132e-01
9.840210139907210607e-01 1.472208259636342484e-02 -3.546598068320487704e-05 1.292369393599678050e-03 2.469080919546132180e-03 9.142574609617394321e-01 1.888964194827422345e-03 8.138449392387769876e-02 -1.162554364136273268e-05 3.691629585772094983e-03 9.749328225433880890e-01 2.138717341448477527e-02 3.988688706058033545e-05 1.497769300798375974e-02 2.014166853517437242e-03 9.829682532514393278e-01
9.840093829074150200e-01 1.494829535083726235e-02 -3.448958340257002927e-05 1.076811325151678152e-03 2.506920356826835162e-03 9.141512310725731227e-01 1.863355841440763987e-03 8.147849272914797769e-02 -1.130803692977926312e-05 3.642419446285703744e-03 9.748501349862516152e-01 2.151875360439689175e-02 3.323152349677524682e-05 1.499539092167110309e-02 2.026225741668731626e-03 9.829451518131646637e-01
9.839978131781049742e-01 1.517390303982343348e-02 -3.339414567509930184e-05 8.616779277484962283e-04 2.544658580782091246e-03 9.140451748513785946e-01 1.837778354288302236e-03 8.157238821353776648e-02 -1.095153365303487921e-05 3.593269930453172473e-03 9.747675429464401908e-01 2.165013865676488486e-02 2.658935986100449255e-05 1.501306952351837316e-02 2.038266177944012339e-03 9.829220749386781142e-01
9.839862239853589543e-01 1.539907352867641091e-02 -3.236362991154795939e-05 6.470661158783036580e-04 2.582323886704449532e-03 9.139388230437476279e-01 1.812324396268617018e-03 8.166652867326408549e-02 -1.061622597155558286e-05 3.544360120093639332e-03 9.746846925730614508e-01 2.178156353282244620e-02 1.996367071066766082e-05 1.503079298401855182e-02 2.050310804427724152e-03 9.828989325408448163e-01
9.839749561942271461e-01 1.562361042524136254e-02 -3.124006181992125823e-05 4.326734423538614494e-04 2.619883211264314570e-03 9.138327898121068049e-01 1.786842468726033539e-03 8.176048450788570010e-02 -1.025043507158632721e-05 3.495396658489849893e-03 9.746019073832570268e-01 2.191294639333155048e-02 1.334499432830311486e-05 1.504848223273203348e-02 2.062351345164895825e-03 9.828758214277767413e-01
9.839635267728522594e-01 1.584786057075606922e-02 -3.038090614451165639e-05 2.189935625389840450e-04 2.657394021456314578e-03 9.137264406791633098e-01 1.761438122098377568e-03 8.185472717726285929e-02 -9.971221190230055342e-06 3.446583618316080653e-03 9.745189197485347732e-01 2.204446785434700101e-02 6.747800126336088948e-06 1.506622396492047870e-02 2.074405337779441222e-03 9.828526228971758982e-01
9.839523891346486639e-01 1.607162068948277123e-02 -2.939621866073307589e-05 5.386394532440699247e-06 2.694822939329241489e-03 9.136205405800325030e-01 1.736035599135056159e-03 8.194860088148207822e-02 -9.651093867949715049e-06 3.397774545472509282e-03 9.744361517973996190e-01 2.217572475100427695e-02 1.530653892565400046e-07 1.508389762883699178e-02 2.086434234736153116e-03 9.828295150710399941e-01
9.839412124095622270e-01 1.629517990152871271e-02 -2.845070494739875477e-05 -2.079416061400694588e-04 2.732218351742987834e-03 9.135144130037142762e-01 1.710683603491601045e-03 8.204268504102803228e-02 -9.343728645688824603e-06 3.349064155431563574e-03 9.743531723916527554e-01 2.230710718157060887e-02 -6.432888467621968297e-06 1.510160973652522123e-02 2.098474878676630500e-03 9.828063482732684042e-01
9.839300441433322941e-01 1.651828585196556468e-02 -2.744464868486626969e-05 -4.208853466091814263e-04 2.769537530725286502e-03 9.134083361042207860e-01 1.685354938658350501e-03 8.213677142637057504e-02 -9.016690100427753843e-06 3.300399064142413470e-03 9.742702338601317846e-01 2.243838376583627559e-02 -1.300726272739628687e-05 1.511932204012893070e-02 2.110505712113174785e-03 9.827831795104881030e-01
9.839187869265536568e-01 1.674122831836449832e-02 -2.653354959096331346e-05 -6.334816953230291633e-04 2.806829581622305274e-03 9.133020627526350355e-01 1.660092257315706234e-03 8.223101540839999890e-02 -8.720654494927998805e-06 3.251862266225517654e-03 9.741871361802814100e-01 2.256972220799888587e-02 -1.957060189694653007e-05 1.513706316341307916e-02 2.122542558185756129e-03 9.827599648803011512e-01
9.839076459789679596e-01 1.696387073675021534e-02 -2.543799668321356173e-05 -8.460787190304391381e-04 2.844071525411404153e-03 9.131959325150493800e-01 1.634838302753875792e-03 8.232515765675646469e-02 -8.364439613108912695e-06 3.203341753398671748e-03 9.741040822274896760e-01 2.270094045873640234e-02 -2.613375295260385317e-05 1.515478549450126507e-02 2.134568550877242576e-03 9.827367797075773348e-01
9.838963643920879409e-01 1.718644676548585978e-02 -2.463489173937022034e-05 -1.058176265829564606e-03 2.881302511492512923e-03 9.130897455453095279e-01 1.609589923011949019e-03 8.241936202015519297e-02 -8.103586905841431566e-06 3.154832631924541983e-03 9.740211080476294248e-01 2.283216290736435686e-02 -3.268135743793017332e-05 1.517251918630114355e-02 2.146594767723376124e-03 9.827135674034168655e-01
9.838854779779427906e-01 1.740873356290629365e-02 -2.351455184996752959e-05 -1.270696988993881126e-03 2.918484453454126080e-03 9.129837485283200937e-01 1.584364989683420500e-03 8.251340202850954153e-02 -7.739181418072697968e-06 3.106369184156096072e-03 9.739379603387402495e-01 2.296340965853506735e-02 -3.924259966939951295e-05 1.519022251030338264e-02 2.158623375157533650e-03 9.826903967142120999e-01
9.838745164407541877e-01 1.763082814796553682e-02 -2.257579411269895861e-05 -1.482768794601470536e-03 2.955634348737003637e-03 9.128778184923331818e-01 1.559142738986524224e-03 8.260740441990853389e-02 -7.434064513972686074e-06 3.057911141939115372e-03 9.738549680259384056e-01 2.309455489665062158e-02 -4.578985524460632735e-05 1.520791882544582363e-02 2.170642343967225333e-03 9.826672286858353367e-01
9.838635844143697184e-01 1.785284664773112429e-02 -2.166100140953269577e-05 -1.694770060685366411e-03 2.992772017526068584e-03 9.127717992748650699e-01 1.533956738351851612e-03 8.270147196922032762e-02 -7.136881061787229063e-06 3.009522835061182247e-03 9.737718190868236423e-01 2.322579495919189704e-02 -5.233438803992463242e-05 1.522562705059659141e-02 2.182670762793654032e-03 9.826440365746537120e-01
9.838525744380723914e-01 1.807466024735963558e-02 -2.051735190256883225e-05 -1.906717333523176138e-03 3.029875044299053591e-03 9.126658995728740287e-01 1.508799116759914141e-03 8.279542626602844069e-02 -6.765001230424989506e-06 2.961189388087387669e-03 9.736888455809606935e-01 2.335673003219805241e-02 -5.887761553116839259e-05 1.524331427343029663e-02 2.194670607373674486e-03 9.826208927347314104e-01
9.838417261625355126e-01 1.829642438942835278e-02 -1.950283558509448788e-05 -2.118647716372156452e-03 3.066969519061257636e-03 9.125599713685261793e-01 1.483669025069849151e-03 8.288939008730222824e-02 -6.435137343381305494e-06 2.912910243852151037e-03 9.736057097261257010e-01 2.348781516738206870e-02 -6.542060884423963956e-05 1.526100312871939146e-02 2.206684377023803226e-03 9.825977331031054973e-01
9.838308389580090463e-01 1.851801188287091615e-02 -1.845419858739679462e-05 -2.330396642285543964e-03 3.104034720669968019e-03 9.124540384113343228e-01 1.458534325803366970e-03 8.298339254214993910e-02 -6.094245900699629822e-06 2.864621548897072247e-03 9.735225722617890654e-01 2.361890043523193553e-02 -7.195767968887388445e-05 1.527869903061349934e-02 2.218698544111164829e-03 9.825745601049689082e-01
9.838197429632153934e-01 1.873953105225430529e-02 -1.738483899550692050e-05 -2.541889176466779858e-03 3.141088589201960872e-03 9.123479248107417838e-01 1.433461233596935655e-03 8.307752536641495322e-02 -5.746357993397040902e-06 2.816453730245918868e-03 9.734394230947516213e-01 2.374986953301408063e-02 -7.848669970684443319e-05 1.529641873912257651e-02 2.230701310855000025e-03 9.825513666497341925e-01
9.838086741923498524e-01 1.896094857229935898e-02 -1.630316692376420880e-05 -2.753319597717676735e-03 3.178125466641190059e-03 9.122418289925032786e-01 1.408363198562543293e-03 8.317168234224664447e-02 -5.394563701851279466e-06 2.768236815760724036e-03 9.733562503510071462e-01 2.388090739695297379e-02 -8.501376742924316734e-05 1.531414280812427170e-02 2.242710839493603295e-03 9.825281601198164738e-01
9.837979861153421934e-01 1.918226062432757187e-02 -1.523159328038685791e-05 -2.965015146381224515e-03 3.215144515767980916e-03 9.121361306312959494e-01 1.383279729840629184e-03 8.326544512304714929e-02 -5.046026479836951211e-06 2.720048531682501495e-03 9.732731598980290944e-01 2.401183759678800211e-02 -9.154919853944526063e-05 1.533179424786002346e-02 2.254710115809494854e-03 9.825050448348752186e-01
9.837871229707912946e-01 1.940350899712719318e-02 -1.431680872700992371e-05 -3.176315159182986105e-03 3.252152998405737332e-03 9.120301627482140239e-01 1.358212112584438434e-03 8.335947214074561351e-02 -4.748809841450819498e-06 2.671890974574144158e-03 9.731899254430390611e-01 2.414293239224883647e-02 -9.807231338654442238e-05 1.534949420611948778e-02 2.266725022914073667e-03 9.824818530843584252e-01
9.837760973762990080e-01 1.962474656977101356e-02 -1.335513293659375007e-05 -3.387488813124623754e-03 3.289159584667194266e-03 9.119241481167328356e-01 1.333160543319128737e-03 8.345353175522875200e-02 -4.436137323213262297e-06 2.623765166514946054e-03 9.731067763832295103e-01 2.427389458760013247e-02 -1.045916385504463400e-04 1.536720004267495832e-02 2.278727258162774067e-03 9.824586643377183348e-01
9.837650627543931270e-01 1.984580115681929685e-02 -1.226496794725612347e-05 -3.598598943255965684e-03 3.326135670807097832e-03 9.118181573719548183e-01 1.308137709901984868e-03 8.354756924728211354e-02 -4.081423429557994574e-06 2.575695237335908546e-03 9.730236257544354617e-01 2.440476043168031753e-02 -1.111088205441636425e-04 1.538490180440603948e-02 2.290720514218011917e-03 9.824354865019259142e-01
9.837541373016788215e-01 2.006685184186049117e-02 -1.114795583385396762e-05 -3.809841187695907870e-03 3.363110951991449098e-03 9.117122656660768820e-01 1.283129821760416699e-03 8.364149356011532643e-02 -3.717957114258737107e-06 2.527654738744836409e-03 9.729404851922491826e-01 2.453557802614316635e-02 -1.176302411425381855e-04 1.540258264373868535e-02 2.302709110378309363e-03 9.824123384870315778e-01
9.837430540396238099e-01 2.028783968778121935e-02 -1.009732086319515285e-05 -4.020796406531896780e-03 3.400075877696166846e-03 9.116062452099470415e-01 1.258121081989505095e-03 8.373555783030937893e-02 -3.376160124155352352e-06 2.479612424025701232e-03 9.728573394572213040e-01 2.466642427890092248e-02 -1.241426553502136224e-04 1.542028918659982435e-02 2.314700551504172456e-03 9.823891529172524839e-01
9.837321363935601637e-01 2.050875642270246976e-02 -9.024763038095002729e-06 -4.231868053214209689e-03 3.437028774823045092e-03 9.115003380198627436e-01 1.233127747403326173e-03 8.382950545785104735e-02 -3.027372991222031880e-06 2.431599828615077594e-03 9.727741612224196643e-01 2.479726632198102354e-02 -1.306587885813871965e-04 1.543797415892666017e-02 2.326691755977199766e-03 9.823659928736839797e-01
9.837211497634610335e-01 2.072960589197735126e-02 -7.861783800676311286e-06 -4.442893871627017800e-03 3.473970683927807019e-03 9.113943857559922979e-01 1.208139024268888983e-03 8.392350453574926039e-02 -2.648831110815510126e-06 2.383596381965400694e-03 9.726909813114789083e-01 2.492807113769189217e-02 -1.371732129392923478e-04 1.545566861082320678e-02 2.338679447484930379e-03 9.823428251546377776e-01
9.837102178780331441e-01 2.095042265447649016e-02 -6.760490015960150595e-06 -4.653880042482572144e-03 3.510907298515993785e-03 9.112885683109476220e-01 1.183162236756592385e-03 8.401736215371609362e-02 -2.290363127666899417e-06 2.335616353481231693e-03 9.726078915001531433e-01 2.505878250951949077e-02 -1.436862356172741921e-04 1.547333700132905686e-02 2.350658245334422310e-03 9.823196909889606587e-01
9.836992872221714812e-01 2.117124392126184737e-02 -5.716231564114221701e-06 -4.864814911857785751e-03 3.547844579660250873e-03 9.111827246191974705e-01 1.158202624709546782e-03 8.411122817636706994e-02 -1.950542297054037118e-06 2.287669734864042001e-03 9.725247601904271066e-01 2.518952061703295595e-02 -1.501977889658766242e-04 1.549100688586522827e-02 2.362639660641870781e-03 9.822965512424658430e-01
9.836881614236827609e-01 2.139204086511960201e-02 -4.731457534544003356e-06 -5.075470831256069515e-03 3.584777953412683800e-03 9.110767379520886555e-01 1.133264197925677079e-03 8.420521989650534000e-02 -1.630208378685220620e-06 2.239763935242276502e-03 9.724416424518345092e-01 2.532022382132977437e-02 -1.567005782963247409e-04 1.550869983516839183e-02 2.374618038918453310e-03 9.822733827042167132e-01
9.836772581468902210e-01 2.161273093912561422e-02 -3.661662710299307209e-06 -5.286327423293425004e-03 3.621693533533311329e-03 9.109709560549492657e-01 1.108315377069786544e-03 8.429903503437802259e-02 -1.282023649451021635e-06 2.191838033221801384e-03 9.723585395499483308e-01 2.545090444050804659e-02 -1.632094217723527633e-04 1.552636022414254080e-02 2.386594243907912659e-03 9.822502549537293071e-01
9.836662193201158866e-01 2.183336385576969615e-02 -2.505481554301565526e-06 -5.497077694318843258e-03 3.658599320972188724e-03 9.108650376183902164e-01 1.083394896430709287e-03 8.439296816413535685e-02 -9.055567093235435475e-07 2.143967626896871315e-03 9.722753859788197950e-01 2.558155195102217172e-02 -1.697152034582756150e-04 1.554404225299840792e-02 2.398567224817835242e-03 9.822271057256496407e-01
9.836551974056321201e-01 2.205398113554437808e-02 -1.377468776933961575e-06 -5.707801072386729617e-03 3.695502589821003485e-03 9.107592186791881872e-01 1.058474437381538109e-03 8.448680429353577770e-02 -5.382813974693051277e-07 2.096097354474575018e-03 9.721923321195267143e-01 2.571210880742644950e-02 -1.762200510552232714e-04 1.556170637976654093e-02 2.410531636246450969e-03 9.822039820350499939e-01
9.836442020890748816e-01 2.227456733422445920e-02 -3.773628364075933689e-07 -5.918392060449744786e-03 3.732400813760760466e-03 9.106533198366303372e-01 1.033553167183010480e-03 8.458072618235042139e-02 -2.128014104437619698e-07 2.048225432105759032e-03 9.721091607369516385e-01 2.584282663238415476e-02 -1.827206603895921715e-04 1.557938621482510277e-02 2.422511270790490747e-03 9.821808231747819473e-01
9.836332431947261146e-01 2.249511827691085680e-02 6.321879173065020081e-07 -6.128993659540704284e-03 3.769293001936807001e-03 9.105475565388696513e-01 1.008633892756855086e-03 8.467451656635922863e-02 1.156875591768239363e-07 2.000357451759200277e-03 9.720261043865284778e-01 2.597342247418504141e-02 -1.892217618701488066e-04 1.559704175784289854e-02 2.434479382472013505e-03 9.821577006215633787e-01
9.836222803195638908e-01 2.271560844695666784e-02 1.634270767521798671e-06 -6.339523037274123578e-03 3.806174886445336681e-03 9.104417307981472751e-01 9.837207682052066891e-04 8.476837354712274397e-02 4.417457234326012112e-07 1.952501411746098954e-03 9.719429728606781005e-01 2.610408398188505258e-02 -1.957207583084687554e-04 1.561470946480306154e-02 2.446453709285822693e-03 9.821345575842279629e-01
9.836113716300169951e-01 2.293606089640766454e-02 2.747412328369817957e-06 -6.550179938738742713e-03 3.843050463243057394e-03 9.103360159410441854e-01 9.588230736532382713e-04 8.486211052197818738e-02 8.041016667718312071e-07 1.904675373290744007e-03 9.718599009095595376e-01 2.623461961551641630e-02 -2.022237039291499604e-04 1.563235506679070547e-02 2.458416250542380405e-03 9.821114523866046886e-01
9.836002706923305805e-01 2.315653945130354691e-02 3.649129416862309516e-06 -6.760459273036290538e-03 3.879930568383210907e-03 9.102301337959476379e-01 9.339406271595179689e-04 8.495599500842632157e-02 1.097319510552455539e-06 1.856878916185566823e-03 9.717768183137047711e-01 2.636520545063343601e-02 -2.087148558008703088e-04 1.565002776728325468e-02 2.470383615239593687e-03 9.820883034732869055e-01
9.835892435261633926e-01 2.337692916696102255e-02 4.766773774891072506e-06 -6.970939466884254997e-03 3.916795871894601481e-03 9.101243306428457025e-01 9.090662057558142285e-04 8.504980727941864604e-02 1.461226955796507572e-06 1.809098141942460259e-03 9.716937417633048080e-01 2.649569886783210287e-02 -2.152121102554496799e-04 1.566768714533897655e-02 2.482342280879608863e-03 9.820651826840459675e-01
9.835782644414297060e-01 2.359729267205261383e-02 5.749041109721355573e-06 -7.181306154576631157e-03 3.953656732960007629e-03 9.100185951771729842e-01 8.841876339039131220e-04 8.514356045587591348e-02 1.780804013867988552e-06 1.761309229656565865e-03 9.716106929316276064e-01 2.662621703473797355e-02 -2.217059237464867930e-04 1.568533562789782218e-02 2.494303334003579800e-03 9.820420669618543652e-01
9.835673495063503857e-01 2.381756975620859598e-02 6.906629157129380754e-06 -7.391825891700371833e-03 3.990503173548526523e-03 9.099129116007095286e-01 8.593286834431424891e-04 8.523725654220974668e-02 2.157747023548698317e-06 1.713558471007222165e-03 9.715276264400179995e-01 2.675665734198804172e-02 -2.282043888362081309e-04 1.570297358099267265e-02 2.506257152761226861e-03 9.820189736550918314e-01
9.835563200274978213e-01 2.403785712117972526e-02 7.956702246661499995e-06 -7.602133850908057190e-03 4.027351430394836285e-03 9.098071570228181137e-01 8.344692965312321955e-04 8.533102225016482578e-02 2.499566729954846346e-06 1.665807004004064276e-03 9.714445857847152643e-01 2.688710764458830671e-02 -2.346962339285208995e-04 1.572062431461687670e-02 2.518211853482896136e-03 9.819958600658384995e-01
9.835454193056951677e-01 2.425808290743573098e-02 9.021339465406258851e-06 -7.812523552579792724e-03 4.064189305865509305e-03 9.097015220216453368e-01 8.096150705897008255e-04 8.542467360180654168e-02 2.846133109192870551e-06 1.618065512681087599e-03 9.713615517843530167e-01 2.701753656989510505e-02 -2.411906800148299137e-04 1.573825395030155339e-02 2.530164592867168230e-03 9.819727721368560758e-01
9.835344444675924169e-01 2.447828429696640926e-02 1.009296480171346716e-05 -8.022821729343654340e-03 4.101023079138979739e-03 9.095958403253682212e-01 7.847664818766185782e-04 8.551837011352136919e-02 3.194995725538992012e-06 1.570334984983828277e-03 9.712785275787907402e-01 2.714794244053915506e-02 -2.476823282413226769e-04 1.575589185437574827e-02 2.542115179424837574e-03 9.819496752944508744e-01
9.835235887457076664e-01 2.469844226833015077e-02 1.112299112122428282e-05 -8.233154005141834347e-03 4.137849608996973377e-03 9.094902735093813861e-01 7.599198712791805982e-04 8.561195701024570948e-02 3.530256660470127653e-06 1.522608318879826355e-03 9.711955160051586322e-01 2.727834541934118923e-02 -2.541750051396104017e-04 1.577350955291437207e-02 2.554065501630300994e-03 9.819265999506052722e-01
9.835125719433553959e-01 2.491859167662992258e-02 1.216679574282276814e-05 -8.443330415710572495e-03 4.174674638540859690e-03 9.093845886528995059e-01 7.350928687760557769e-04 8.570564383968490296e-02 3.870014101443200265e-06 1.474919867353160965e-03 9.711125110126638260e-01 2.740869910592252240e-02 -2.606629609203039858e-04 1.579114558697550935e-02 2.566011208869474654e-03 9.819035061650858154e-01
9.835015663347037584e-01 2.513870878458226987e-02 1.320115923026280260e-05 -8.653476278498394708e-03 4.211494279428414957e-03 9.092789285229925245e-01 7.102724190108558166e-04 8.579930477846757497e-02 4.206691764597793586e-06 1.427244174040833867e-03 9.710295162158265603e-01 2.753903291840979761e-02 -2.671499592070607308e-04 1.580877682217301031e-02 2.577955061279981787e-03 9.818804180757647604e-01
9.834905719929826207e-01 2.535879319292152351e-02 1.422608205803638681e-05 -8.863591267943964416e-03 4.248308464357127522e-03 9.091732933044686105e-01 6.854579499632488995e-04 8.589294028110847079e-02 4.540289699362942157e-06 1.379580125108877077e-03 9.709465317822109087e-01 2.766934780302346061e-02 -2.736359900940970864e-04 1.582640334254558148e-02 2.589897148150504744e-03 9.818573354994089009e-01
9.834795888408804920e-01 2.557884448818507905e-02 1.524164566345047843e-05 -9.073674974710484523e-03 4.285117123982462063e-03 9.090676826673795841e-01 6.606500267860276453e-04 8.598655018174745923e-02 4.870834588588511419e-06 1.331928821180986076e-03 9.708635575205385448e-01 2.779964282373523915e-02 -2.801210409126099260e-04 1.584402511738227520e-02 2.601837381210690692e-03 9.818342585423307511e-01
9.834686169958339885e-01 2.579886304289024518e-02 1.624794500569912278e-05 -9.283727983711040008e-03 4.321920320873287071e-03 9.089620967807899854e-01 6.358482765039955367e-04 8.608013462172631192e-02 5.198357333744089840e-06 1.284289535640891324e-03 9.707805935750775106e-01 2.792991853199203872e-02 -2.866051297627758804e-04 1.586164217247122005e-02 2.613775812520445930e-03 9.818111871447824379e-01
9.834576561069051648e-01 2.601884964431989272e-02 1.724484775441728385e-05 -9.493750598960210008e-03 4.358718186981980387e-03 9.088565353432863647e-01 6.110529796230680525e-04 8.617369349000023049e-02 5.522814840796086801e-06 1.236662815202938057e-03 9.706976398362210379e-01 2.806017453378020082e-02 -2.930882660278883540e-04 1.587925448799403644e-02 2.625712404981397474e-03 9.817881213730640377e-01
9.834467063244919371e-01 2.623880288331064889e-02 1.823262190446165538e-05 -9.703741829687426504e-03 4.395510485953833639e-03 9.087509984254769080e-01 5.862638596233776421e-04 8.626722722883554961e-02 5.844294568035240684e-06 1.189048120708610049e-03 9.706146962862758354e-01 2.819041129849333624e-02 -2.995704191955664763e-04 1.589686214407764683e-02 2.637647202853706397e-03 9.817650610722760129e-01
9.834357675187787029e-01 2.645872355225202185e-02 1.921109482737215382e-05 -9.913702165838105332e-03 4.432297350606936685e-03 9.086454858969230663e-01 5.614811778160531822e-04 8.636073557454165828e-02 6.162740249578194096e-06 1.141445961359265028e-03 9.705317629780799704e-01 2.832062832035784836e-02 -3.060516043665104514e-04 1.591446509261765230e-02 2.649580158475209422e-03 9.817420063532856789e-01
9.834248397936652397e-01 2.667861072259854888e-02 2.018047672876964677e-05 -1.012363099297221639e-02 4.469078625207209381e-03 9.085399977753662037e-01 5.367047861070430026e-04 8.645421881320536350e-02 6.478220381043080310e-06 1.093856048757156337e-03 9.704488398548067885e-01 2.845082587610247779e-02 -3.125318026484840881e-04 1.593206338652451010e-02 2.661511298006184051e-03 9.817189571181300645e-01
9.834139229211786848e-01 2.689846581865254146e-02 2.114063410214866859e-05 -1.033352937391270737e-02 4.505854548634734974e-03 9.084345339146984166e-01 5.119348442752396939e-04 8.654767669227544924e-02 6.790691516761971551e-06 1.046278694395634621e-03 9.703659269106412744e-01 2.858100370349459657e-02 -3.190110468085235952e-04 1.594965697999552179e-02 2.673440596706145884e-03 9.816959134701193079e-01
9.834030170310525953e-01 2.711828732859847269e-02 2.209167472817663981e-05 -1.054339603435825237e-02 4.542624867538278509e-03 9.083290943537671858e-01 4.871712315963573278e-04 8.664110954698010791e-02 7.100188799887294049e-06 9.987136628392427259e-04 9.702830241587473425e-01 2.871116198966263897e-02 -3.254892975694253046e-04 1.596724593307155549e-02 2.685368072179192787e-03 9.816728752923313817e-01
9.833921219844127259e-01 2.733807649817394242e-02 2.303352335121519666e-05 -1.075323200591655169e-02 4.579389790618814890e-03 9.082236790458342313e-01 4.624138971590921942e-04 8.673451726626789371e-02 7.406687649127855540e-06 9.511608550811523084e-04 9.702001315887950339e-01 2.884130086852456851e-02 -3.319665867631350410e-04 1.598483022680523974e-02 2.697293737176466918e-03 9.816498426227943108e-01
9.833812378438974156e-01 2.755783280257183276e-02 2.396623262392976990e-05 -1.096303687907151242e-02 4.616149229696918550e-03 9.081182879568892030e-01 4.376629768151815963e-04 8.682789983647677678e-02 7.710205233876211669e-06 9.036205357901555676e-04 9.701172492231254774e-01 2.897142003590113743e-02 -3.384429017924433418e-04 1.600240985868774807e-02 2.709217562935109860e-03 9.816268154801827128e-01
9.833703645280700290e-01 2.777755667251063931e-02 2.488980273458510080e-05 -1.117281100329320549e-02 4.652903257370828542e-03 9.080129210605982770e-01 4.129183618197641110e-04 8.692125732008733341e-02 8.010741647269720069e-06 8.560924926706780461e-04 9.700343770358381690e-01 2.910151972989537955e-02 -3.449182534302940506e-04 1.601998483855188171e-02 2.721139571996472779e-03 9.816037938428953114e-01
9.833595020339590542e-01 2.799724749485059394e-02 2.580426755703608228e-05 -1.138255379634431699e-02 4.689651770603067010e-03 9.079075782949714846e-01 3.881801252413666619e-04 8.701458980905833751e-02 8.308307961606820448e-06 8.085768685125421362e-04 9.699515149989320628e-01 2.923159982464610188e-02 -3.513926237189009759e-04 1.603755518416235745e-02 2.733059752492099804e-03 9.815807776870779655e-01
9.833486503354584851e-01 2.821690558140875840e-02 2.670967578064637176e-05 -1.159226559262511481e-02 4.726394821548170720e-03 9.078022596506110098e-01 3.634482189207471924e-04 8.710789730879242576e-02 8.602920106525702658e-06 7.610735692954249520e-04 9.698686630989552526e-01 2.936166041169596674e-02 -3.578660230380007390e-04 1.605512089675855195e-02 2.744978112946754294e-03 9.815577670133464050e-01
9.833378094596034735e-01 2.843653022837401914e-02 2.760598512746933629e-05 -1.180194567308184665e-02 4.763132291955240148e-03 9.076969651127309024e-01 3.387226443580355299e-04 8.720117995082631024e-02 8.894564281451561587e-06 7.135825984814413115e-04 9.697858213480018419e-01 2.949170148928927787e-02 -3.643384291734227867e-04 1.607268200149939222e-02 2.756894653202573379e-03 9.815347617744853981e-01
9.833269793692877014e-01 2.865612262575684133e-02 2.849319375879038403e-05 -1.201159518877991696e-02 4.799864381905956552e-03 9.075916946659456919e-01 3.140034857944828560e-04 8.729443746622247979e-02 9.183239829400029067e-06 6.661041196223593721e-04 9.697029897783333574e-01 2.962172286226964421e-02 -3.708098776853869269e-04 1.609023844709790707e-02 2.768809354923784920e-03 9.815117620756778072e-01
9.833161600034766581e-01 2.887568233152603900e-02 2.937129002909309532e-05 -1.222121362500796886e-02 4.836591017233607230e-03 9.074864482651895381e-01 2.892906443586205955e-04 8.738767007308491375e-02 9.468942997552424828e-06 6.186379401151478451e-04 9.696201683296624685e-01 2.975172478728039041e-02 -3.772803526469548975e-04 1.610779027417565124e-02 2.780722242337469764e-03 9.814887678361481349e-01
9.833053514415680540e-01 2.909520913334190037e-02 3.024033241842227857e-05 -1.243080090730420105e-02 4.873312161977618254e-03 9.073812259469313801e-01 2.645841473001499418e-04 8.748087774365556624e-02 9.751692906010917883e-06 5.711841136077503486e-04 9.695373570567702437e-01 2.988170713677237508e-02 -3.837498518089911418e-04 1.612533747855790511e-02 2.792633303337512321e-03 9.814657790699280460e-01
9.832945536011287180e-01 2.931470314633901134e-02 3.110024139523130215e-05 -1.264035698883843664e-02 4.910027835513660829e-03 9.072760276495208664e-01 2.398839735052022933e-04 8.757406054132303719e-02 1.003146349567703919e-05 5.237425984069229729e-04 9.694545559092889730e-01 3.001167002886556689e-02 -3.902183737114345839e-04 1.614288007182074908e-02 2.804542549152587265e-03 9.814427957527527280e-01
9.832837665290200535e-01 2.953416470171673844e-02 3.195116602744082525e-05 -1.284988239673932192e-02 4.946738093670936462e-03 9.071708533761083659e-01 2.151902192539870682e-04 8.766721831082750771e-02 1.030830353505733551e-05 4.763135821395385783e-04 9.693717649103831269e-01 3.014161320400018940e-02 -3.966859346212965620e-04 1.616041802404071318e-02 2.816449955289089969e-03 9.814198179553063062e-01
9.832729901761902980e-01 2.975359360085850363e-02 3.279294385558846115e-05 -1.305937672087913518e-02 4.983442902947766290e-03 9.070657031173763318e-01 1.905027794383564138e-04 8.776035120009641199e-02 1.058215989945760827e-05 4.288968600334006238e-04 9.692889840584917316e-01 3.027153692163413873e-02 -4.031525218988350127e-04 1.617795136363008729e-02 2.828355546271775923e-03 9.813968456120120143e-01
9.832622245629001334e-01 2.997298977740029194e-02 3.362574940095648256e-05 -1.326884008967581761e-02 5.020142252179386755e-03 9.069605768479739316e-01 1.658217123649520714e-04 8.785345918733872272e-02 1.085308967286591344e-05 3.814925458229561544e-04 9.692062133229858434e-01 3.040144104157782232e-02 -4.096181395047267747e-04 1.619548008617214749e-02 2.840259308835011310e-03 9.813738787445127620e-01
9.832514696734349080e-01 3.019235271354456240e-02 3.444948617344320064e-05 -1.347827187312703075e-02 5.056836054501413248e-03 9.068554745426714581e-01 1.411469989177168338e-04 8.794654240376445498e-02 1.112106131201618466e-05 3.341006021807898141e-04 9.691234526958322215e-01 3.053132564073531355e-02 -4.160827679984444266e-04 1.621300421619633128e-02 2.852161250232455175e-03 9.813509173015850795e-01
9.832407254964034005e-01 3.041168343449916073e-02 3.526416435022363609e-05 -1.368767309522658446e-02 5.093524481931268645e-03 9.067503962086411740e-01 1.164786920255261491e-04 8.803960061725518704e-02 1.138607811358730368e-05 2.867211323951090172e-04 9.690407022106397594e-01 3.066119057891269345e-02 -4.225464389931066125e-04 1.623052371077641359e-02 2.864061357244141164e-03 9.813279613709882110e-01
9.832299920160386675e-01 3.063098158343303262e-02 3.606979232332981262e-05 -1.389704339176847311e-02 5.130207474606628647e-03 9.066453418402206088e-01 9.181670234323317651e-05 8.813263398268078586e-02 1.164814281404536031e-05 2.393539621588559895e-04 9.689579618437056396e-01 3.079103605138343303e-02 -4.290091412639788658e-04 1.624803859847593138e-02 2.875959648327378743e-03 9.813050108944765260e-01
9.832192692848022997e-01 3.085024691608338754e-02 3.686639059645736827e-05 -1.410638259145529337e-02 5.166884991510503101e-03 9.065403114578922672e-01 6.716104767522389262e-05 8.822564250277130371e-02 1.190726213825874484e-05 1.919991262687510865e-04 9.688752316293821609e-01 3.092086198227356197e-02 -4.354708695301448573e-04 1.626554887949107145e-02 2.887856116274341127e-03 9.812820658737807511e-01
9.832085572349921199e-01 3.106947944690777522e-02 3.765394340712565398e-05 -1.431569062527980954e-02 5.203557034998700266e-03 9.064353049965293563e-01 4.251174732878155440e-05 8.831862622099057036e-02 1.216343092002446127e-05 1.446566624567749882e-04 9.687925115085652683e-01 3.105066839812148718e-02 -4.419316216577980007e-04 1.628305456232153822e-02 2.899750763623214558e-03 9.812591262957293115e-01
9.831978558826358627e-01 3.128867952016913673e-02 3.843247609777828105e-05 -1.452496787887525356e-02 5.240223662980862500e-03 9.063303224751942944e-01 1.786880188472551715e-05 8.841158505978564952e-02 1.241665744486147513e-05 9.732657153085742677e-05 9.687098015079921298e-01 3.118045526309654383e-02 -4.483914095482892403e-04 1.630055563212767789e-02 2.911643586981294950e-03 9.812361921904557693e-01
9.831871652403123552e-01 3.150784667916167736e-02 3.920200124041392162e-05 -1.473421392068652996e-02 5.276884798708622593e-03 9.062253638695119129e-01 -6.767754341735531323e-06 8.850451908596475292e-02 1.266694586633611194e-05 5.000892076002588175e-05 9.686271016157909086e-01 3.131022251764788850e-02 -4.548502198838531743e-04 1.631805210151008115e-02 2.923534580702789442e-03 9.812132635376876744e-01
9.831764852960889201e-01 3.172698114463060742e-02 3.996250387400135536e-05 -1.494342894456526794e-02 5.313540479262511031e-03 9.061204292041606934e-01 -3.139801945439661679e-05 8.859742833587280764e-02 1.291429124233576847e-05 2.703518596032224251e-06 9.685444118401115299e-01 3.143997035011608654e-02 -4.613080586616980124e-04 1.633554397708439701e-02 2.935423762589977215e-03 9.811903403190042061e-01
9.831658160336919083e-01 3.194608296841511957e-02 4.071398220223244424e-05 -1.515261298428067019e-02 5.350190713326752161e-03 9.060155184293501307e-01 -5.602187995824709486e-05 8.869031273712103813e-02 1.315869302002238241e-05 -4.458941359892143116e-05 9.684617321652083666e-01 3.156969855543727971e-02 -4.677649269168699352e-04 1.635303124547000941e-02 2.947311113305759508e-03 9.811674225681581429e-01
9.831551574471173449e-01 3.216515202090357989e-02 4.145643203737873648e-05 -1.536176590002935952e-02 5.386835479155524693e-03 9.059106315551743727e-01 -8.063941877132097674e-05 8.878317238427917146e-02 1.340014980682971565e-05 -9.187003747688712602e-05 9.683790625845740685e-01 3.169940730316356953e-02 -4.742208203369726368e-04 1.637051392430967714e-02 2.959196648825673619e-03 9.811445102472188262e-01
9.831445095435016324e-01 3.238418877252984690e-02 4.218986020680025274e-05 -1.557088817620901240e-02 5.423474855669924849e-03 9.058057685773653889e-01 -1.052505603428886903e-04 8.887600712714344153e-02 1.363866386330197091e-05 -1.391382057896144837e-04 9.682964031235100633e-01 3.182909641848468557e-02 -4.806757538620984121e-04 1.638799198578524963e-02 2.971080352693305192e-03 9.811216034154010002e-01
9.831338723515762323e-01 3.260319244138938644e-02 4.291430971489477888e-05 -1.577997910265085263e-02 5.460108711674606374e-03 9.057009295112773417e-01 -1.298554047729728531e-04 8.896881718165491892e-02 1.387424923091302374e-05 -1.863941136743393011e-04 9.682137537669908145e-01 3.195876609752183739e-02 -4.871297055860149532e-04 1.640546546972484337e-02 2.982962243404054751e-03 9.810987019924747310e-01
9.831232458450652745e-01 3.282216367590220368e-02 4.362974771397181849e-05 -1.598903926865147263e-02 5.496737155846085840e-03 9.055961143395439006e-01 -1.544538880594132583e-04 8.906160239250135446e-02 1.410689518060442437e-05 -2.336376362131348272e-04 9.681311145267644802e-01 3.208841621433808355e-02 -4.935826937036016200e-04 1.642293434792021709e-02 2.994842309066066306e-03 9.810758060367351652e-01
9.831126300095820447e-01 3.304110210503829331e-02 4.433617875942711859e-05 -1.619806829334945186e-02 5.533360126064423845e-03 9.054913230369222576e-01 -1.790460311434782109e-04 8.915436286798676668e-02 1.433660318031168036e-05 -2.808688144420433018e-04 9.680484853716294635e-01 3.221804683970313360e-02 -5.000347064607467851e-04 1.644039863988670108e-02 3.006720556377386055e-03 9.810529155102146737e-01
9.831020248542672313e-01 3.326000804844729541e-02 4.503363112633206392e-05 -1.640706653381021618e-02 5.569977675951203258e-03 9.053865556047102636e-01 -2.036317934896847003e-04 8.924709851265627547e-02 1.456338250932024807e-05 -3.280875692495740918e-04 9.679658663187244994e-01 3.234765786808744409e-02 -5.064857548747079760e-04 1.645785832806215612e-02 3.018596975359876759e-03 9.810300304514708580e-01
9.830914303795239562e-01 3.347888109214720159e-02 4.572209005325087415e-05 -1.661603356169339893e-02 5.606589735969720427e-03 9.052818120387015055e-01 -2.282112242243800038e-04 8.933980944937927604e-02 1.478722833478759340e-05 -3.752939962968002271e-04 9.678832573536951811e-01 3.247724941433936807e-02 -5.129358257351545767e-04 1.647531343544035923e-02 3.030471576826471430e-03 9.810071508134866614e-01
9.830808465837918009e-01 3.369772163743559035e-02 4.640155579370845219e-05 -1.682496977698974550e-02 5.643196373447014261e-03 9.051770923431238236e-01 -2.527843041694614119e-04 8.943249558742281946e-02 1.500814073515903001e-05 -4.224880582429224184e-04 9.678006584949835345e-01 3.260682142259761773e-02 -5.193849313844130754e-04 1.649276394520048789e-02 3.042344355523135448e-03 9.809842766306793305e-01
9.830702734574804369e-01 3.391652941104337377e-02 4.707202118629726334e-05 -1.703387488967839786e-02 5.679797542594127065e-03 9.050723965053401043e-01 -2.773510656449889103e-04 8.952515701753298305e-02 1.522611735331830604e-05 -4.696698181783790296e-04 9.677180697236781315e-01 3.273637397722109488e-02 -5.258330628823842685e-04 1.651020987380275029e-02 3.054215319407899316e-03 9.809614078696904382e-01
9.830597109869486649e-01 3.413530480223095354e-02 4.773348414898167321e-05 -1.724274927329659882e-02 5.716393308685135781e-03 9.049677245072742515e-01 -3.019114492693624656e-04 8.961779363313022995e-02 1.544115751980955706e-05 -5.168391603211702420e-04 9.676354910439889379e-01 3.286590695888744890e-02 -5.322802317475913789e-04 1.652765120169097032e-02 3.066084457233895014e-03 9.809385445728416864e-01
9.830491592016744606e-01 3.435404739870986240e-02 4.838596984559390851e-05 -1.745159257019759241e-02 5.752983602563695696e-03 9.048630763748596317e-01 -3.264655348338598839e-04 8.971040555722886722e-02 1.565326945692935171e-05 -5.639962402950121721e-04 9.675529224626511215e-01 3.299542050826276968e-02 -5.387264269504481997e-04 1.654508795146525379e-02 3.077951782274066482e-03 9.809156866932302599e-01
9.830386180851418132e-01 3.457275732553654474e-02 4.902948452712371243e-05 -1.766040489517282236e-02 5.789568445140388236e-03 9.047584520757432358e-01 -3.510132564796549057e-04 8.980299273541247906e-02 1.586245522199269492e-05 -6.111409295995315002e-04 9.674703639662536325e-01 3.312491450820057026e-02 -5.451716520326473862e-04 1.656252011324017490e-02 3.089817283466835419e-03 9.808928342553450141e-01
9.830280876456742867e-01 3.479143453553062287e-02 4.966401183509918911e-05 -1.786918619300701533e-02 5.826147828543861394e-03 9.046538516265306695e-01 -3.755546660114785548e-04 8.989555521075145994e-02 1.606870944978615909e-05 -6.582733293091718547e-04 9.673878155662256617e-01 3.325438905371116277e-02 -5.516159052926135342e-04 1.657994769490028081e-02 3.101680969779140561e-03 9.808699872406327902e-01
9.830175678564534447e-01 3.501007927408827242e-02 5.028956303582981136e-05 -1.807793669354417973e-02 5.862721793937047607e-03 9.045492749987712466e-01 -4.000897235096239138e-04 8.998809293061391101e-02 1.627203583317240348e-05 -7.053933615800550821e-04 9.673052772455871251e-01 3.338384408023795796e-02 -5.580591938284559621e-04 1.659737068676800376e-02 3.113542835124227543e-03 9.808471456719560777e-01
9.830070587400216997e-01 3.522869123527240520e-02 5.090614394758467701e-05 -1.828665611920797171e-02 5.899290289978891336e-03 9.044447221988100027e-01 -4.246184460049115842e-04 9.008060595702668816e-02 1.647243628275798876e-05 -7.525010595674219965e-04 9.672227490105712588e-01 3.351327961279240014e-02 -5.645015090720714116e-04 1.661478910037056042e-02 3.125402881845669185e-03 9.808243095268759371e-01
9.829965602777707145e-01 3.544727068823170374e-02 5.151374901923857987e-05 -1.849534471498762156e-02 5.935853361817067242e-03 9.043401932196132309e-01 -4.491408360950610232e-04 9.017309425447353477e-02 1.666990897820536018e-05 -7.995964283662700470e-04 9.671402308583342267e-01 3.364269566113359256e-02 -5.709428585883581349e-04 1.663220292916521917e-02 3.137261110870121807e-03 9.808014788185732691e-01
9.829860724783663350e-01 3.566581744003106264e-02 5.211238536026430689e-05 -1.870400230372332856e-02 5.972410977092037533e-03 9.042356880535521446e-01 -4.736568874667288279e-04 9.026555785662943032e-02 1.686445624410737429e-05 -8.466794556677435845e-04 9.670577227856200775e-01 3.377209221388417087e-02 -5.773832369093557376e-04 1.664961217927621306e-02 3.149117521123891757e-03 9.807786535365297098e-01
9.829755953269604385e-01 3.588433173106492929e-02 5.270203976213665566e-05 -1.891262909775279916e-02 6.008963176112300936e-03 9.041312066980226048e-01 -4.981666103241978380e-04 9.035799673599426152e-02 1.705607375651708920e-05 -8.937501613572679466e-04 9.669752247939702450e-01 3.390146929371189166e-02 -5.838226505908584302e-04 1.666701684575289458e-02 3.160972114739815479e-03 9.807558336901187612e-01
9.829651288313536739e-01 3.610281340791687832e-02 5.328272803495481412e-05 -1.912122496727044346e-02 6.045509933152639487e-03 9.040267491471662975e-01 -5.226700021445044447e-04 9.045041092162857399e-02 1.724476668942530479e-05 -9.408085405478891191e-04 9.668927368802153755e-01 3.403082689372525366e-02 -5.902610956266530996e-04 1.668441693383987748e-02 3.172824891074770698e-03 9.807330192707328642e-01
9.829546729903092528e-01 3.632126247755590454e-02 5.385445329187361712e-05 -1.932978992112159566e-02 6.082051249377615557e-03 9.039223153967521629e-01 -5.471670644964025639e-04 9.054280041816774316e-02 1.743053606001830202e-05 -9.878545963020568099e-04 9.668102590430870391e-01 3.416016501723801585e-02 -5.966985722907634966e-04 1.670181244439854565e-02 3.184675850440648551e-03 9.807102102774726271e-01
9.829442278019383528e-01 3.653967894811004785e-02 5.441721673413843952e-05 -1.953832396674674149e-02 6.118587126145914011e-03 9.038179054416060065e-01 -5.716577989714462325e-04 9.063516523101873557e-02 1.761338226092610794e-05 -1.034888331725378153e-03 9.667277912809848495e-01 3.428948366856341551e-02 -6.031350808140124690e-04 1.671920337843181906e-02 3.196524993242845242e-03 9.806874067091606584e-01
9.829337932645548781e-01 3.675806282679794368e-02 5.497102096800187028e-05 -1.974682711228465878e-02 6.155117564664188551e-03 9.037135192769754077e-01 -5.961422071566371394e-04 9.072750536531437593e-02 1.779330614360333766e-05 -1.081909749916358000e-03 9.666453335924788393e-01 3.441878285137856680e-02 -6.095706214484474233e-04 1.673658973689228294e-02 3.208372319827869183e-03 9.806646085647497957e-01
9.829233693762265966e-01 3.697641412160960345e-02 5.551586766240190068e-05 -1.995529936546213204e-02 6.191642566268049618e-03 9.036091568978427135e-01 -6.206202905999579468e-04 9.081982082628459185e-02 1.797030825325218701e-05 -1.128918853896589093e-03 9.665628859761621339e-01 3.454806256956669680e-02 -6.160051944337314664e-04 1.675397152075028262e-02 3.220217830560887038e-03 9.806418158431442489e-01
9.829129561357750067e-01 3.719473283978989853e-02 5.605175936955524236e-05 -2.016374073489763871e-02 6.228162132168445220e-03 9.035048182997655886e-01 -6.450920509071527299e-04 9.091211161876661118e-02 1.814438942402810714e-05 -1.175915646799780001e-03 9.664804484305095089e-01 3.467732282695252383e-02 -6.224388000367471431e-04 1.677134873090417241e-02 3.232061525801693900e-03 9.806190285433528109e-01
9.829025535411470837e-01 3.741301898907154616e-02 5.657869777251579228e-05 -2.037215122795398708e-02 6.264676263657815471e-03 9.034005034776638743e-01 -6.695574896183752352e-04 9.100437774808826930e-02 1.831555020573707380e-05 -1.222900131632431806e-03 9.663980209541541688e-01 3.480656362735957965e-02 -6.288714384860061074e-04 1.678872136834221387e-02 3.243903405909969936e-03 9.805962466642559328e-01
9.828921615909469445e-01 3.763127257678496040e-02 5.709668517354417328e-05 -2.058053085286799117e-02 6.301184961961228161e-03 9.032962124268507642e-01 -6.940166083112926047e-04 9.109661921928895179e-02 1.848379135065546133e-05 -1.269872311473851500e-03 9.663156035455087167e-01 3.493578497470235106e-02 -6.353031100368355857e-04 1.680608943399977337e-02 3.255743471254075004e-03 9.805734702048053419e-01
9.828817802829203920e-01 3.784949361066430873e-02 5.760572343366156950e-05 -2.078887961698057743e-02 6.337688228371683719e-03 9.031919451420945544e-01 -7.184694085307916697e-04 9.118883603785228609e-02 1.864911346667356761e-05 -1.316832189340489886e-03 9.662331962032066901e-01 3.506498687275576287e-02 -6.417338149167783889e-04 1.682345292889375968e-02 3.267581722189510322e-03 9.805506991638560654e-01
