  9.9017979758690888E-01   7.2542031346522345E-03  -2.3974050337989601E-04   2.8057397818177926E-03  1.2141776321471301E-03   9.3970504349339012E-01   6.6302906786874956E-04   5.8417749806595309E-02 -7.7861938465792875E-05   1.2865416557335280E-03   9.9156029653159161E-01   7.2310237511401896E-03  8.6250206418420940E-05   1.0729143706554201E-02   6.8442953503699481E-04   9.8850017655199018E-01
  9.8946750147700724E-01   8.1448329406792197E-03  -9.3442275218571841E-05   2.4811078575325551E-03  1.3635068022702194E-03   9.3734054383219967E-01   8.8319201319574927E-04   6.0412757352334867E-02 -3.0359220878747799E-05   1.7140647449878452E-03   9.9036151080940205E-01   7.9547836664885067E-03  7.6289398033190393E-05   1.1096143744494885E-02   7.5283482363543023E-04   9.8807473203383656E-01
  9.8894032998690451E-01   8.3326253832349678E-03   2.0630589955164964E-04   2.5207387303095297E-03  1.3954354093729145E-03   9.3525454209536174E-01   1.0422315469306464E-03   6.2307790948333941E-02  6.7068244305305792E-05   2.0232130757914663E-03   9.8921697889374882E-01   8.6927397861539680E-03  7.7533313575116249E-05   1.1443924479134421E-02   8.2245453531119535E-04   9.8765608767197910E-01
  9.8803376833979617E-01   9.3239861199594792E-03   2.5057768140809990E-04   2.3916678588370571E-03  1.5618331915611509E-03   9.3341268509161668E-01   1.0636346469339772E-03   6.3961847069887612E-02  8.1503535271856416E-05   2.0653492747293991E-03   9.8859896672341663E-01   9.2541804665817653E-03  7.3579592500952647E-05   1.1747473609538234E-02   8.7530702698409440E-04   9.8730363977097668E-01
  9.8736506792541945E-01   9.3074101318108837E-03   2.7486741653185803E-04   3.0526545262382354E-03  1.5593417157038388E-03   9.3175865121296464E-01   1.1648295127512074E-03   6.5517177558579331E-02  8.9434989066957240E-05   2.2622162491503376E-03   9.8795092839346932E-01   9.6974203683140477E-03  9.3938274228749959E-05   1.2033934803762414E-02   9.1714276494378401E-04   9.8695498415706506E-01
  9.8688982400699810E-01   9.5375283970791369E-03   3.4080494623079906E-04   3.2318426496921737E-03  1.5981879128703393E-03   9.3030596868707816E-01   1.1609149817696546E-03   6.6934928418281747E-02  1.1092414978760709E-04   2.2549070141315176E-03   9.8724125455439626E-01   1.0392914281684608E-02  9.9477552411624415E-05   1.2295202582380704E-02   9.8286078868427013E-04   9.8662245907652357E-01
  9.8649891012142144E-01   9.7993451680235266E-03   4.6290507775659771E-04   3.2388396327997504E-03  1.6423474169951040E-03   9.2900840681512131E-01   1.1499458802280288E-03   6.8199299887654385E-02  1.5071471013550339E-04   2.2339483260383247E-03   9.8656142272212266E-01   1.1053914241705098E-02  9.9718213074458193E-05   1.2528439565378052E-02   1.0452915400636406E-03   9.8632655068148400E-01
  9.8611227585707650E-01   1.0223154432162498E-02   4.8085654168730069E-04   3.1837131690728854E-03  1.7136918015457914E-03   9.2782919542813380E-01   1.1887193785743583E-03   6.9268393391745398E-02  1.5662166242281036E-04   2.3097652632809653E-03   9.8597449458331143E-01   1.1559118490985657E-02  9.8045106240725582E-05   1.2725630374353647E-02   1.0928999411035827E-03   9.8608342457830211E-01
  9.8562555460147105E-01   1.1118748574413292E-02   1.5041359588782499E-04   3.1052832282279091E-03  1.8641780160877364E-03   9.2676564099395220E-01   1.2240353648376961E-03   7.0146145625123113E-02  4.9012127376446553E-05   2.3789151541450267E-03   9.8556614932657360E-01   1.2005923391906616E-02  9.5653083568075434E-05   1.2887542111713501E-02   1.1349503562880022E-03   9.8588185444843013E-01
  9.8539878954593818E-01   1.1386455276652344E-02   1.9721923715582977E-04   3.0175359402535573E-03  1.9095285552223756E-03   9.2581805747250412E-01   1.2541775712467415E-03   7.1018236401025892E-02  6.4291487757589579E-05   2.4379546264134714E-03   9.8499209786991826E-01   1.2505656015910454E-02  9.2971830504281518E-05   1.3047617032965531E-02   1.1819557229768892E-03   9.8567745541355345E-01
  9.8507369676206902E-01   1.2245056165673229E-02  -1.9122351514354839E-05   2.7003694237724557E-03  2.0539321984572381E-03   9.2493954941168155E-01   1.3560617938602653E-03   7.1650456596000889E-02 -6.2359790672828646E-06   2.6364376795777662E-03   9.8456116378024516E-01   1.2808634519243968E-02  8.3220366042851580E-05   1.3164370009975751E-02   1.2104474006879328E-03   9.8554196222329327E-01
  9.8488585911085624E-01   1.2561236259659270E-02  -6.1428921237114081E-05   2.6143335507200771E-03  2.1073750786835543E-03   9.2416665319853009E-01   1.4007976088600566E-03   7.2325174113925472E-02 -2.0039572146308171E-05   2.7238393665367884E-03   9.8407424029391977E-01   1.3221959911688678E-02  8.0589137398682544E-05   1.3289099188408593E-02   1.2493835705929424E-03   9.8538092810360012E-01
  9.8472348288100464E-01   1.2825782613220732E-02  -1.2347618277142578E-04   2.5742106885447563E-03  2.1521566481509206E-03   9.2345805364589784E-01   1.4810323143068758E-03   7.2908757391643708E-02 -4.0294334484239288E-05   2.8802840695980533E-03   9.8361640845304144E-01   1.3543601811843784E-02  7.9372532478330822E-05   1.3397255508846545E-02   1.2796745491353758E-03   9.8524369740954010E-01
  9.8459880919881215E-01   1.3000328065141342E-02  -1.4526603462649033E-04   2.5461287706729785E-03  2.1819068584396362E-03   9.2283812326200376E-01   1.4834061192889958E-03   7.3496563760267586E-02 -4.7420964387256755E-05   2.8852567848154402E-03   9.8317117149130007E-01   1.3990992688270591E-02  7.8526327859823695E-05   1.3505792211634726E-02   1.3218347165983805E-03   9.8509384674390710E-01
  9.8447963298026131E-01   1.3323689720240811E-02  -1.9374129788588099E-04   2.3904185973838699E-03  2.2368254960583103E-03   9.2225844281092551E-01   1.5424608678568097E-03   7.3962270825159493E-02 -6.3267628790220402E-05   3.0003085106111490E-03   9.8275251078059911E-01   1.4310448337579714E-02  7.3741333169950393E-05   1.3590632488957338E-02   1.3518574947093617E-03   9.8498376868316284E-01
  9.8438391487406651E-01   1.3488799760000586E-02  -2.3492681004069744E-04   2.3622121759731551E-03  2.2650648087272317E-03   9.2175549144329028E-01   1.5201764651820208E-03   7.4459267282801167E-02 -7.6742862963776384E-05   2.9572776080638301E-03   9.8235655593242910E-01   1.4762909322470893E-02  7.2889288979782405E-05   1.3682209728353628E-02   1.3944769724794797E-03   9.8485042401018685E-01
  9.8426503625395623E-01   1.4145987238233654E-02  -3.3748745278533454E-04   1.9264639605955647E-03  2.3761519586527752E-03   9.2124985829962214E-01   1.6595982877095593E-03   7.4714391454015705E-02 -1.1028135529406050E-04   3.2285423871213194E-03   9.8198663139794329E-01   1.4895107570230224E-02  5.9457708685638558E-05   1.3728105069112984E-02   1.4068456770007197E-03   9.8480559154520075E-01
  9.8419435263885147E-01   1.4582169829532393E-02  -3.2228395823829755E-04   1.5457614898545247E-03  2.4497531564305376E-03   9.2082181306087829E-01   1.6789845820498485E-03   7.5049449200641827E-02 -1.0533624097057459E-04   3.2665225540770291E-03   9.8160682900120788E-01   1.5231984685685859E-02  4.7714667979858842E-05   1.3789761598141631E-02   1.4385560574409532E-03   9.8472396767643744E-01
  9.8416158582874136E-01   1.4676391710435194E-02  -2.8693900607269969E-04   1.4489614668960482E-03  2.4654318537894113E-03   9.2039270869672885E-01   1.8295347064660227E-03   7.5312324743016634E-02 -9.3783690412953214E-05   3.5596284803974150E-03   9.8123200188783555E-01   1.5302153322180056E-02  4.4726573195460854E-05   1.3838886081069063E-02   1.4451855464230323E-03   9.8467120179931222E-01
  9.8416189388537101E-01   1.4399206560931799E-02  -1.8329435576570734E-04   1.6221939094637761E-03  2.4188045768269960E-03   9.2004637795611222E-01   1.7967608166110649E-03   7.5738056650450414E-02 -5.9907074006081964E-05   3.4958844109264642E-03   9.8087249352914374E-01   1.5691529133936545E-02  5.0073603836278159E-05   1.3917397136193360E-02   1.4819799691292315E-03   9.8455054929084107E-01
  9.8411744168267845E-01   1.4474669164358411E-02  -2.3023278535096533E-04   1.6381219383133916E-03  2.4314575988771542E-03   9.1973957302726828E-01   1.7280158646711704E-03   7.6100953509183777E-02 -7.5250578916660689E-05   3.3622681669299185E-03   9.8056547513368264E-01   1.6147507278304732E-02  5.0567961247909889E-05   1.3984961075580032E-02   1.5250779048621432E-03   9.8443939305830974E-01
  9.8410726042078867E-01   1.4254734348372572E-02  -2.4012444936634674E-04   1.8781296802035941E-03  2.3943663222263864E-03   9.1941821376512545E-01   1.7968988847896867E-03   7.6390521027859370E-02 -7.8482049338220682E-05   3.4964403615879687E-03   9.8025687056566646E-01   1.6325171122083586E-02  5.7976884030032719E-05   1.4039036384510567E-02   1.5418889068875325E-03   9.8436109782457193E-01
  9.8410677671656555E-01   1.4015718460345994E-02  -2.0911664755692179E-04   2.0866214706465325E-03  2.3540335854227538E-03   9.1913651077440939E-01   1.8073952663308947E-03   7.6702060373836978E-02 -6.8346112661193226E-05   3.5170703961813817E-03   9.7995683533084976E-01   1.6594440385629981E-02  6.4413133743946617E-05   1.4097447862082890E-02   1.5673578293659276E-03   9.8427078117480749E-01
  9.8405759603996568E-01   1.4347319485267823E-02  -3.1035777534948669E-04   1.9054422501152968E-03  2.4097674511774463E-03   9.1885853530286599E-01   1.8685271181188134E-03   7.6863170127836389E-02 -1.0143991585674314E-04   3.6361458128849767E-03   9.7969400834791354E-01   1.6771285755057055E-02  5.8822977730133875E-05   1.4127494354301995E-02   1.5840588905152546E-03   9.8422962377745282E-01
  9.8402742920363073E-01   1.4745180034233862E-02  -2.6277393875938945E-04   1.4901647008934427E-03  2.4764825694154197E-03   9.1862681541019187E-01   1.8321769241496462E-03   7.7064525096243064E-02 -8.5885489069892367E-05   3.5654940430284035E-03   9.7941821430247866E-01   1.7102177143561579E-02  4.6002792763619356E-05   1.4165086688504636E-02   1.6153395429030610E-03   9.8417357097582903E-01
  9.8403480361500772E-01   1.4321466940693806E-02  -3.2064344172744348E-04   1.9643728860249954E-03  2.4050662056127291E-03   9.1839182299095401E-01   1.8619241219612558E-03   7.7341186681471830E-02 -1.0479754234299021E-04   3.6236912199166076E-03   9.7917260219848234E-01   1.7308504123943438E-02  6.0642546456435298E-05   1.4217551132084671E-02   1.6348740411018369E-03   9.8408693228035715E-01
  9.8407298487542583E-01   1.3795854871412522E-02  -1.9944735037515310E-04   2.3306076035356366E-03  2.3165941720419518E-03   9.1818147240543857E-01   1.8582268917349096E-03   7.7643706530784895E-02 -6.5185083130322145E-05   3.6167405131101726E-03   9.7890600279878415E-01   1.7542441771234693E-02  7.1949013937885106E-05   1.4274490120634864E-02   1.6570124762600974E-03   9.8399654838916750E-01
  9.8407533501400268E-01   1.3819303576398906E-02  -1.3445225620565464E-04   2.2398136658034473E-03  2.3203272209496653E-03   9.1794267097958238E-01   1.9914662768455490E-03   7.7745535522621312E-02 -4.3941941851213887E-05   3.8763325632434932E-03   9.7865562904243431E-01   1.7511980336172520E-02  6.9146431288216910E-05   1.4294542568905888E-02   1.6541770488717078E-03   9.8398213395093448E-01
  9.8405238506428727E-01   1.4059763899583910E-02  -1.7116750641491126E-04   2.0590185425437280E-03  2.3606374756598540E-03   9.1774385606174069E-01   2.0173553591475496E-03   7.7878151103451754E-02 -5.5940153595058096E-05   3.9267519438511509E-03   9.7843765460198950E-01   1.7691533607752934E-02  6.3564620352321924E-05   1.4319226627499543E-02   1.6711612270525100E-03   9.8394604752509596E-01
  9.8406039586689364E-01   1.3841392578360839E-02  -1.6732516560949613E-04   2.2655367203562732E-03  2.3236862484896197E-03   9.1756601215267430E-01   2.0119176860849803E-03   7.8098383912751701E-02 -5.4686095129563540E-05   3.9167707887626958E-03   9.7822449879512141E-01   1.7913416511244888E-02  6.9940575333292399E-05   1.4361587237095741E-02   1.6920799081173907E-03   9.8387639227945334E-01
  9.8405352470754281E-01   1.3964122771417509E-02  -1.5008976305533881E-04   2.1324422840971330E-03  2.3439799312981284E-03   9.1737010566777233E-01   2.0972036220938840E-03   7.8188710778836934E-02 -4.9054637383807607E-05   4.0834699714105919E-03   9.7801391627367884E-01   1.7951668392294916E-02  6.5832292632610461E-05   1.4380219526593185E-02   1.6956550740388351E-03   9.8385829310673478E-01
  9.8405103499954016E-01   1.3923849912411801E-02  -1.5811142839653434E-04   2.1832265164435233E-03  2.3367872594036408E-03   9.1722430229076046E-01   2.0359277850404535E-03   7.8402982664794951E-02 -5.1678873438265035E-05   3.9650831778906106E-03   9.7782339960258680E-01   1.8263196092959615E-02  6.7401194686701575E-05   1.4422532921893189E-02   1.7250266289629045E-03   9.8378503925445704E-01
  9.8404826469201057E-01   1.4079835900520060E-02  -6.9719139020458110E-05   1.9416185464897345E-03  2.3627552720463865E-03   9.1707597482242387E-01   2.0009988166584105E-03   7.8560271088871647E-02 -2.2789249513206918E-05   3.8976576673791993E-03   9.7762518657513209E-01   1.8499945007002326E-02  5.9942027400622030E-05   1.4452711775112315E-02   1.7472696986515837E-03   9.8374007649883521E-01
  9.8406139432438577E-01   1.3777939166703806E-02  -8.4297089860101940E-05   2.2449635987710354E-03  2.3120290930819069E-03   9.1693344907147911E-01   1.9683460481222268E-03   7.8786175787316726E-02 -2.7556171785133839E-05   3.8344115339407720E-03   9.7745055381171742E-01   1.8742590826126511E-02  6.9305967684728329E-05   1.4494469248648861E-02   1.7700463990098668E-03   9.8366617838465675E-01
  9.8406277368752904E-01   1.3710182317907896E-02  -9.8014901361511472E-05   2.3250588959240898E-03  2.3005543445990019E-03   9.1678312971170095E-01   1.9789552445015758E-03   7.8937360699198766E-02 -3.2043075267176760E-05   3.8555717404674117E-03   9.7728158891971528E-01   1.8894882415084802E-02  7.1777741213841905E-05   1.4522760109840493E-02   1.7842591794620789E-03   9.8362120296948374E-01
  9.8404245946588687E-01   1.3965977072734476E-02  -1.6947645540796297E-04   2.1610399167864419E-03  2.3433489799938208E-03   9.1661891336716994E-01   2.0491704224576699E-03   7.8988567230376949E-02 -5.5409893321804900E-05   3.9929178502319399E-03   9.7712587326643363E-01   1.8936618776656540E-02  6.6713512786907483E-05   1.4532810511578009E-02   1.7880329365454859E-03   9.8361244303909001E-01
  9.8406057834892213E-01   1.3629638002723918E-02  -1.6842416558406092E-04   2.4782078139367059E-03  2.2868705181973668E-03   9.1647866234375941E-01   2.0574848928003688E-03   7.9176982245243721E-02 -5.5071350579253739E-05   4.0095969926404480E-03   9.7696923980287187E-01   1.9076234555065890E-02  7.6503342340575060E-05   1.4567478238943166E-02   1.8010012664794190E-03   9.8355501715223692E-01
  9.8404071407131100E-01   1.3850081897315319E-02  -2.3668882445512991E-04   2.3458928558293540E-03  2.3237925966892621E-03   9.1636390871183271E-01   1.9824997179682560E-03   7.9329798973510113E-02 -7.7397627366002021E-05   3.8638299695646647E-03   9.7683239642706099E-01   1.9381171230740974E-02  7.2417682173127416E-05   1.4595795816197965E-02   1.8296438976582504E-03   9.8350214260397062E-01
  9.8402652562007598E-01   1.4011790251201917E-02  -2.8758841606642299E-04   2.2492725447899875E-03  2.3508579751829670E-03   9.1623826082117554E-01   1.9576281302139545E-03   7.9453253073428098E-02 -9.4049692102429153E-05   3.8157808256519617E-03   9.7669745548563724E-01   1.9580813380813675E-02  6.9433902177132734E-05   1.4618688412596142E-02   1.8483075185279719E-03   9.8346357016669894E-01
  9.8403004515708759E-01   1.3967450799571429E-02  -2.8065535087257008E-04   2.2831593942131273E-03  2.3434145752027347E-03   9.1610912233618558E-01   1.9561094618543379E-03   7.9591353626758732E-02 -9.1788446653221539E-05   3.8130795943523417E-03   9.7655906479247079E-01   1.9719644059829136E-02  7.0478611880933628E-05   1.4643841656750423E-02   1.8612533306931879E-03   9.8342442640067507E-01
  9.8402899772844565E-01   1.4009779794789234E-02  -2.8460939571145266E-04   2.2458318724779269E-03  2.3505121238704754E-03   9.1596229623429282E-01   2.0220551278088222E-03   7.9665136514028290E-02 -9.3087784344976038E-05   3.9418969390095700E-03   9.7642580957190306E-01   1.9725381273433384E-02  6.9325011791290456E-05   1.4657160020880133E-02   1.8616355228749037E-03   9.8341187944445363E-01
  9.8404078034706333E-01   1.3942374369688204E-02  -2.0738663445123064E-04   2.2242319177004227E-03  2.3390747329136811E-03   9.1583315771927643E-01   2.0399094145245582E-03   7.9787858133284706E-02 -6.7834878776738540E-05   3.9771851944073880E-03   9.7628803525625163E-01   1.9802614428116962E-02  6.8657597449189693E-05   1.4680403157470517E-02   1.8687825727227113E-03   9.8338215667235795E-01
  9.8405693405033268E-01   1.3674135445319077E-02  -1.8902403045729753E-04   2.4579545348069193E-03  2.2938250888155792E-03   9.1572291133542394E-01   2.0060975867372674E-03   7.9977165989022159E-02 -6.1832698533294874E-05   3.9119456805978038E-03   9.7616610916798807E-01   1.9983777849947603E-02  7.5872157758144487E-05   1.4716826823734958E-02   1.8857538439846519E-03   9.8332154717452214E-01
  9.8404080947068495E-01   1.3980916747933697E-02  -2.1117393240471956E-04   2.1894477137848201E-03  2.3453234600234671E-03   9.1556788408512724E-01   2.1183771587578396E-03   7.9968415296092554E-02 -6.9086529477618321E-05   4.1313240033799825E-03   9.7604962804221607E-01   1.9888134483881714E-02  6.7586693839037561E-05   1.4715601408371803E-02   1.8765822439951395E-03   9.8334022965379397E-01
  9.8402918322814370E-01   1.4211090844971214E-02  -2.0340389883758542E-04   1.9631298257230534E-03  2.3841828682749956E-03   9.1545278854533407E-01   2.0992213363137252E-03   8.0063807250077779E-02 -6.6556012694220056E-05   4.0942476389862082E-03   9.7593852636372913E-01   2.0033782009978927E-02  6.0605849867258199E-05   1.4732946614876563E-02   1.8901681700980552E-03   9.8331627936515786E-01
  9.8403187726013919E-01   1.4230557121778953E-02  -1.8112423907800258E-04   1.9186898571588173E-03  2.3873170804594862E-03   9.1531242555175829E-01   2.1779262289072566E-03   8.0122331138875902E-02 -5.9270865686147760E-05   4.2483438408982884E-03   9.7582635981590637E-01   1.9984567208880838E-02  5.9233235437239264E-05   1.4744364195411142E-02   1.8853445359787615E-03   9.8331105803317298E-01
  9.8403559127236873E-01   1.4127172231176321E-02  -1.9604417973745109E-04   2.0332806761919203E-03  2.3699054753622655E-03   9.1522470737269856E-01   2.0782259661049412E-03   8.0327161185834939E-02 -6.4163126467996613E-05   4.0546049536332287E-03   9.7573037534122931E-01   2.0279182831606363E-02  6.2769429141883767E-05   1.4782145757051030E-02   1.9128007443445182E-03   9.8324228406946235E-01
  9.8402594420291944E-01   1.4341444933896913E-02  -1.7895507388070419E-04   1.8115659370647463E-03  2.4058888800727977E-03   9.1510562164013742E-01   2.0848053768718179E-03   8.0403684102918427E-02 -5.8579087291579221E-05   4.0680047155204650E-03   9.7563010705661135E-01   2.0360467315160568E-02  5.5923144969573929E-05   1.4795537069580783E-02   1.9201121614775816E-03   9.8322842762397189E-01
  9.8403547232532151E-01   1.4194058330687487E-02  -1.6701593040913739E-04   1.9374852744001164E-03  2.3811165728779768E-03   9.1499883015063366E-01   2.0587768350440530E-03   8.0561276441443952E-02 -5.4679389165091126E-05   4.0179169710022229E-03   9.7553578100291738E-01   2.0500981415244691E-02  5.9808824246183195E-05   1.4824468140729963E-02   1.9330173378036802E-03   9.8318270569722044E-01
  9.8403584723012405E-01   1.4254727358499891E-02  -1.2194381537807084E-04   1.8313692267555165E-03  2.3912467143860257E-03   9.1489554060238609E-01   2.0218255102317784E-03   8.0691387172996398E-02 -3.9928712448734327E-05   3.9464238563756502E-03   9.7544117787071905E-01   2.0652326985354671E-02  5.6531807367336904E-05   1.4848366156954451E-02   1.9469752184130907E-03   9.8314812681726504E-01
  9.8407883807843488E-01   1.3579986045617692E-02  -4.0533838493529614E-05   2.3817097144399751E-03  2.2780332077382802E-03   9.1478662763224294E-01   2.0183543683827774E-03   8.0916984791636670E-02 -1.3274272539461629E-05   3.9403036349815596E-03   9.7534496458230246E-01   2.0728006055255009E-02  7.3518128477545724E-05   1.4889653081391729E-02   1.9537551881935104E-03   9.8308307360193725E-01
  9.8406709540361370E-01   1.3810081435334326E-02  -3.9461500047706117E-05   2.1622846610990787E-03  2.3165234226725576E-03   9.1468090218687093E-01   1.9922972991718076E-03   8.1010277091283389E-02 -1.2925108933136751E-05   3.8902213408565835E-03   9.7526275574229271E-01   2.0859948025784236E-02  6.6743652642274175E-05   1.4907223551413329E-02   1.9658469492838753E-03   9.8306018584666077E-01
  9.8405354660196243E-01   1.4005345505148759E-02  -1.1095740598292009E-04   2.0520652988724325E-03  2.3491464229657907E-03   9.1453705778280925E-01   2.0980547441653533E-03   8.1015741050060930E-02 -3.6348349594424235E-05   4.0975943014504961E-03   9.7518935087900882E-01   2.0749403169136114E-02  6.3340350732119834E-05   1.4908791327304854E-02   1.9550888341867247E-03   9.8307277948777605E-01
  9.8403624185291871E-01   1.4304380109050080E-02  -1.2891831839330082E-04   1.7882963564253701E-03  2.3992990283693803E-03   9.1443182202293494E-01   2.0717489766526585E-03   8.1097129972042881E-02 -4.2238741309507348E-05   4.0468595584645661E-03   9.7511612421892591E-01   2.0879254963919611E-02  5.5197150136422710E-05   1.4923383941656321E-02   1.9669613455948962E-03   9.8305445756261223E-01
  9.8406353569287652E-01   1.3869238306782591E-02  -8.7024074111192659E-05   2.1542500744524407E-03  2.3260985432595541E-03   9.1432634405890900E-01   2.0639098850086953E-03   8.1283647512824353E-02 -2.8516500968996209E-05   4.0324784630130246E-03   9.7503806998642839E-01   2.0957968051527564E-02  6.6491940507692679E-05   1.4958931587212454E-02   1.9740822367696909E-03   9.8300049423550995E-01
  9.8405447582093386E-01   1.4037799567098982E-02  -8.3559134499412358E-05   1.9912837464671346E-03  2.3541526339346912E-03   9.1423904515533816E-01   1.9870182284753520E-03   8.1419783982253358E-02 -2.7385394075202367E-05   3.8832140737636621E-03   9.7496923080110520E-01   2.1174940519205352E-02  6.1461200832921975E-05   1.4985190146094923E-02   1.9941830914375178E-03   9.8295916556163454E-01
  9.8408575303030221E-01   1.3612953396506478E-02   3.2878125252154818E-05   2.2684154479388347E-03  2.2828387087653230E-03   9.1412376926718930E-01   2.0136282893365707E-03   8.1579763734709987E-02  1.0776308599668788E-05   3.9356766284000550E-03   9.7488733890270296E-01   2.1166208160296029E-02  7.0013747913971053E-05   1.5014825984986241E-02   1.9931538330791310E-03   9.8292200643402061E-01
  9.8407071263290857E-01   1.3899618647897377E-02   8.2842133596525949E-06   2.0213845058350416E-03  2.3307382569329529E-03   9.1398728410104679E-01   2.1007538976629417E-03   8.1581223744357834E-02  2.7154675510576476E-06   4.1065574241715645E-03   9.7482331154740487E-01   2.1067415560872372E-02  6.2388823445686230E-05   1.5016110621416640E-02   1.9836990400504146E-03   9.8293780151508725E-01
  9.8410193017186531E-01   1.3372692248118725E-02   6.4741650444206575E-05   2.4606359295727548E-03  2.2423354998465234E-03   9.1388750024590115E-01   2.0802898510053477E-03   8.1789874403247476E-02  2.1224530660538663E-05   4.0672085018319936E-03   9.7475520714676900E-01   2.1156359820738463E-02  7.5944295892802979E-05   1.5054474403610241E-02   1.9917481143803275E-03   9.8287783318611655E-01
  9.8407621328544193E-01   1.3843740797094620E-02   2.0461280316031393E-05   2.0595846371465609E-03  2.3211271421283049E-03   9.1375561663366223E-01   2.1497433870281621E-03   8.1773512837181817E-02  6.7089709003956207E-06   4.2040149697652931E-03   9.7469829634950433E-01   2.1090979709830877E-02  6.3565530499959302E-05   1.5052520105254152E-02   1.9852521867207017E-03   9.8289866217752542E-01
  9.8403069461563364E-01   1.4527591442793253E-02  -1.1594996714905850E-04   1.5576639087218069E-03  2.4355380170167328E-03   9.1365050119984415E-01   2.1303865354218455E-03   8.1783574247716206E-02 -3.8021744455033989E-05   4.1669522329767904E-03   9.7465727263855129E-01   2.1213796872926571E-02  4.8074451104205586E-05   1.5055853098740857E-02   1.9966299177417595E-03   9.8289944253241324E-01
  9.8407650184495477E-01   1.3806695274764400E-02  -2.7067920495164768E-05   2.1438708007762292E-03  2.3144653699136188E-03   9.1353968657815932E-01   2.1534610267207391E-03   8.1992387025207170E-02 -8.8770777490035005E-06   4.2129974903560288E-03   9.7459079102975443E-01   2.1205088557638210E-02  6.6166104077774492E-05   1.5095570724270285E-02   1.9955467821412584E-03   9.8284271638951048E-01
  9.8406766059565554E-01   1.3995018044650573E-02  -2.2160039504950815E-05   1.9594813991997972E-03  2.3459009330289680E-03   9.1342613454069421E-01   2.1693034456702976E-03   8.2058661080607109E-02 -7.2682830546416411E-06   4.2446843748279537E-03   9.7453641184961581E-01   2.1226172058610496E-02  6.0474502299272519E-05   1.5108431465601285E-02   1.9972918789387642E-03   9.8283380215316052E-01
  9.8408787337689174E-01   1.3659425392123670E-02   6.8207609083335125E-06   2.2458804700768165E-03  2.2895789343446854E-03   9.1331268500622964E-01   2.1952147879406715E-03   8.2202521271485307E-02  2.2373041866996588E-06   4.2958196324361028E-03   9.7448122974375473E-01   2.1220713319623170E-02  6.9312452208903762E-05   1.5135144560184666E-02   1.9966061049103544E-03   9.8279893688269604E-01
  9.8408478316924486E-01   1.3724567023584391E-02  -4.8938530176493092E-06   2.1955436601888284E-03  2.3004704613702014E-03   9.1319243176782017E-01   2.2355288685383299E-03   8.2271568902271608E-02 -1.6053946060862060E-06   4.3751520597421776E-03   9.7443192665981948E-01   2.1194526675044709E-02  6.7757595520173859E-05   1.5147734298522370E-02   1.9939246960788181E-03   9.8279058340987857E-01
  9.8408831254140294E-01   1.3668307301175200E-02   4.3651750547768161E-06   2.2390149823694055E-03  2.2908884476229470E-03   9.1309969308866945E-01   2.1875216302463061E-03   8.2421896833460018E-02  1.4320932526877669E-06   4.2818631406867985E-03   9.7438489637796821E-01   2.1331808388092812E-02  6.9098483925427150E-05   1.5176265520106952E-02   2.0066404347320785E-03   9.8274799556123527E-01
  9.8409447222742252E-01   1.3590568344792789E-02   2.0678243414100068E-05   2.2942811843707500E-03  2.2777075708902764E-03   9.1297458359085393E-01   2.2519613466594470E-03   8.2495747491595717E-02  6.7844463080386438E-06   4.4086066551398979E-03   9.7433534518190712E-01   2.1249263716645553E-02  7.0803461303038662E-05   1.5190744572897014E-02   1.9987154319936395E-03   9.8273973653380642E-01
  9.8407163363134820E-01   1.3979871078377573E-02  -2.0653455097479918E-05   1.9691487453734891E-03  2.3427328277536436E-03   9.1288720923742006E-01   2.1778430257608141E-03   8.2592214909066208E-02 -6.7768002327524491E-06   4.2642135476134175E-03   9.7429808061669276E-01   2.1444482635927336E-02  6.0769388418592876E-05   1.5209882488013804E-02   2.0169259176675046E-03   9.8271242220589983E-01
  9.8408626548362121E-01   1.3750924004067286E-02   4.2346621542362138E-06   2.1585758501571489E-03  2.3043588454442730E-03   9.1276266763282810E-01   2.2407450297538180E-03   8.2692228491974218E-02  1.3895997815961301E-06   4.3877834214336442E-03   9.7425087561815515E-01   2.1359951360628328E-02  6.6613791766478424E-05   1.5228015448106813E-02   2.0087511158472897E-03   9.8269661964427957E-01
  9.8413026014102034E-01   1.2939900647186434E-02   6.7744297071800109E-05   2.8620949147209890E-03  2.1685997754656156E-03   9.1267387822375945E-01   2.1965882357162072E-03   8.2960933765059863E-02  2.2231426190355533E-05   4.3012508386921907E-03   9.7420453867437296E-01   2.1471979060743933E-02  8.8321611790353766E-05   1.5275946154177461E-02   2.0191121643397206E-03   9.8261662006969241E-01
  9.8413143812361237E-01   1.2924105147121404E-02   6.1759998378454496E-05   2.8826967308865498E-03  2.1658867408084759E-03   9.1255753679285578E-01   2.2292944330621965E-03   8.3047282033273495E-02  2.0269044326437735E-05   4.3657430175342961E-03   9.7416472587608738E-01   2.1449262062051243E-02  8.8956006105133170E-05   1.5292077272037713E-02   2.0167992874159484E-03   9.8260216743444140E-01
  9.8412614970909995E-01   1.3053058517279600E-02   5.4075003150285805E-05   2.7667167704714390E-03  2.1875696913337059E-03   9.1242168889621422E-01   2.3247384181160368E-03   8.3066002994336086E-02  1.7748837215463481E-05   4.5530019146465001E-03   9.7412433704064971E-01   2.1304912207489413E-02  8.5380507561805003E-05   1.5295642710572599E-02   2.0030898287714607E-03   9.8261588695309388E-01
  9.8414876207205271E-01   1.2553751667790589E-02   3.9459251810902794E-05   3.2580270083444052E-03  2.1038072558461629E-03   9.1233609974166496E-01   2.2705846656029915E-03   8.3289508336884976E-02  1.2952505050225783E-05   4.4474411419739958E-03   9.7409109850166409E-01   2.1448507851311100E-02  1.0054090822022221E-04   1.5337197392072260E-02   2.0164166927250440E-03   9.8254584500698239E-01
  9.8414217209414767E-01   1.2721492805441353E-02   5.6463669326344706E-05   3.0798714310836667E-03  2.1316775649083616E-03   9.1223722969797827E-01   2.2416249563173289E-03   8.3389467780795146E-02  1.8535557965800432E-05   4.3915323015279503E-03   9.7405444610572489E-01   2.1535486034781517E-02  9.5043109865584029E-05   1.5357333488263958E-02   2.0244458395014941E-03   9.8252317756236895E-01
  9.8415782650700390E-01   1.2365033915057458E-02   4.2943907979489811E-05   3.4341956699602272E-03  2.0718081134563533E-03   9.1214639534087205E-01   2.2046646226104786E-03   8.3577131923061709E-02  1.4098400496292108E-05   4.3197299303788031E-03   9.7402264447619613E-01   2.1643527192927677E-02  1.0597644736216492E-04   1.5392797863212238E-02   2.0344362166699079E-03   9.8246678947275579E-01
  9.8414431839093786E-01   1.2632431963267729E-02   2.6796098556489567E-05   3.1964535472377292E-03  2.1165464657392878E-03   9.1206501771664872E-01   2.1090135588510629E-03   8.3709422258760990E-02  8.7983816795828565E-06   4.1330414806357643E-03   9.7399314325585806E-01   2.1865016881826752E-02  9.8637741700317427E-05   1.5417296630841348E-02   2.0549123800587517E-03   9.8242915324739954E-01
  9.8413452038763094E-01   1.2807305535395108E-02  -2.4178502942112244E-05   3.0823525799148072E-03  2.1456817223034982E-03   9.1192881097009848E-01   2.2049638902017984E-03   8.3720543417396542E-02 -7.9397738868843779E-06   4.3218797342757303E-03   9.7396425668491815E-01   2.1721803354692908E-02  9.5115775148261767E-05   1.5420368211870317E-02   2.0412085897769578E-03   9.8244330742320463E-01
  9.8413624782211429E-01   1.2760429816746605E-02  -3.2099872978525167E-05   3.1354222341196669E-03  2.1376444529580020E-03   9.1183756409181616E-01   2.1584600362106248E-03   8.3866331419014783E-02 -1.0542540250313881E-05   4.2317090190321198E-03   9.7393503956481731E-01   2.1843793956400823E-02  9.6752242674470659E-05   1.5448363644185364E-02   2.0523485756838698E-03   9.8240253553745660E-01
  9.8412777451706424E-01   1.2916148423287518E-02  -6.4598338855952162E-05   3.0206753985027729E-03  2.1637223312364444E-03   9.1171922469722466E-01   2.1948124854486426E-03   8.3922240486090760E-02 -2.1219485313369462E-05   4.3037042314699406E-03   9.7390756987878768E-01   2.1809945375055938E-02  9.3215392377994904E-05   1.5459382505426583E-02   2.0489183683992124E-03   9.8239848373379646E-01
  9.8411516993144721E-01   1.3178379751358146E-02  -6.7589612031923683E-05   2.7740399292266044E-03  2.2076430094318429E-03   9.1162278734246871E-01   2.1545158767787261E-03   8.4015053771320236E-02 -2.2203733415969751E-05   4.2250214809611024E-03   9.7387978987480406E-01   2.1917392377650852E-02  8.5608830653867343E-05   1.5477333417383971E-02   2.0589636946360891E-03   9.8237809405732612E-01
  9.8409630906496415E-01   1.3472229353428941E-02  -1.4362125003802441E-04   2.5750828316462165E-03  2.2575227772369671E-03   9.1151450350403462E-01   2.1476339970913738E-03   8.4080339721638198E-02 -4.7191209316559666E-05   4.2112400844592571E-03   9.7386068724451924E-01   2.1975263880338800E-02  7.9484710023500823E-05   1.5487958471414681E-02   2.0643535826938950E-03   9.8236820323586760E-01
  9.8411445839921829E-01   1.3179132585727435E-02  -9.8277869365300961E-05   2.8046868844199269E-03  2.2086039102037595E-03   9.1139863494602824E-01   2.1901114346863752E-03   8.4202649709080868E-02 -3.2295282214846844E-05   4.2945588117025788E-03   9.7382712851006326E-01   2.1910607960448501E-02  8.6580952733259636E-05   1.5510747408779502E-02   2.0583017988781874E-03   9.8234436983960927E-01
  9.8410612001599340E-01   1.3329871549257702E-02  -1.0990182777991631E-04   2.6739102625290001E-03  2.2343300692088328E-03   9.1131175683083065E-01   2.1176336490095629E-03   8.4336279450952123E-02 -3.6120453861032524E-05   4.1521950550735976E-03   9.7380382847442359E-01   2.2080096924363982E-02  8.2556250196261401E-05   1.5534461483244361E-02   2.0742248001007543E-03   9.8230875746645818E-01
  9.8411931791168872E-01   1.3071923142828887E-02  -1.0924625046774107E-04   2.9180051959494108E-03  2.1911474535153373E-03   9.1119837558310068E-01   2.1488649139457727E-03   8.4461612049437806E-02 -3.5905086700595619E-05   4.2133393155189425E-03   9.7377744423724122E-01   2.2045121533941066E-02  9.0090962975498522E-05   1.5556876917423718E-02   2.0708956981975789E-03   9.8228213642140350E-01
  9.8412685526944699E-01   1.2905916643418169E-02  -1.0638480486208291E-04   3.0736128919980343E-03  2.1637326621159574E-03   9.1112032106621599E-01   2.0599312644073121E-03   8.4656015007261831E-02 -3.4972418449207152E-05   4.0390948218045680E-03   9.7375395432750167E-01   2.2241923269144457E-02  9.4909176936136541E-05   1.5592010337716650E-02   2.0892254682724565E-03   9.8222385501707432E-01
  9.8413678485013956E-01   1.2741580611851142E-02  -8.7395274122834742E-05   3.2090298121307675E-03  2.1368637205492966E-03   9.1099468953218765E-01   2.1286075477938522E-03   8.4739839199468703E-02 -2.8738428555371761E-05   4.1736607596796205E-03   9.7372626544091301E-01   2.2128812227962619E-02  9.9116556970822983E-05   1.5606537914370777E-02   2.0785261438240965E-03   9.8221581938483460E-01
  9.8414121681959510E-01   1.2667277923610665E-02  -7.9398644854119241E-05   3.2709039016485114E-03  2.1252986960682216E-03   9.1088405885034618E-01   2.1421849832145134E-03   8.4848457470371064E-02 -2.6117614660027168E-05   4.1999170584559042E-03   9.7370164448096330E-01   2.2124556075241244E-02  1.0105914962922147E-04   1.5624823831782320E-02   2.0780787444342860E-03   9.8219603827415392E-01
  9.8411827391115880E-01   1.3096597233906701E-02  -1.2136024683466847E-04   2.9064891017695216E-03  2.1976896144063930E-03   9.1079543340589275E-01   2.0682156589212019E-03   8.4938661320779540E-02 -3.9926622864983986E-05   4.0548431948918074E-03   9.7368519708585821E-01   2.2299886342114574E-02  8.9814430244201503E-05   1.5641375714530642E-02   2.0945654879121595E-03   9.8217424436731315E-01
  9.8412400792853716E-01   1.2994783822405584E-02  -1.1573966428958196E-04   2.9969479133480498E-03  2.1805806971373042E-03   9.1068643761012313E-01   2.0826695456345121E-03   8.5050312147104679E-02 -3.8076943977108997E-05   4.0831668700615359E-03   9.7366213809551605E-01   2.2292771978400874E-02  9.2608902543035200E-05   1.5661968648619545E-02   2.0939087408009330E-03   9.8215151370803677E-01
  9.8412607843989808E-01   1.2923847764531912E-02  -1.3247053658522030E-04   3.0825443321568224E-03  2.1686735617517036E-03   9.1059815462553861E-01   2.0277290733183213E-03   8.5205442739391457E-02 -4.3580568230788485E-05   3.9754030790535039E-03   9.7364349519445359E-01   2.2424682294722418E-02  9.5252908171351586E-05   1.5690395792898215E-02   2.1063067453553942E-03   9.8210804455357459E-01
  9.8413133237772643E-01   1.2841945540242566E-02  -1.1067396459654820E-04   3.1373960466268280E-03  2.1548460714321017E-03   9.1050586083929574E-01   1.9889416902349154E-03   8.5350351399036462E-02 -3.6409337220788230E-05   3.8994551376256570E-03   9.7362048311962379E-01   2.2516471079970454E-02  9.6947495718952437E-05   1.5717632682211991E-02   2.1149508092294356E-03   9.8207046901283968E-01
  9.8412827640385114E-01   1.2919035153365635E-02  -1.0856707206522993E-04   3.0612555148486764E-03  2.1677776501215426E-03   9.1039993071061220E-01   1.9866842146673436E-03   8.5445607424598280E-02 -3.5715696999255674E-05   3.8949796325263714E-03   9.7359985861915022E-01   2.2540877445322655E-02  9.4593693599584038E-05   1.5735034166284939E-02   2.1172513408988861E-03   9.8205312079921636E-01
  9.8413637929586895E-01   1.2772561990100989E-02  -9.9449084378362712E-05   3.1905077984075991E-03  2.1430760974874216E-03   9.1028585242930438E-01   2.0227612026396842E-03   8.5548310270567196E-02 -3.2715644329611707E-05   3.9658814772164132E-03   9.7357842814447970E-01   2.2488406022632561E-02  9.8587585926333734E-05   1.5754850426836553E-02   2.1123525654083283E-03   9.8203420942182884E-01
  9.8414323034491580E-01   1.2664653124343422E-02  -6.2311784894838258E-05   3.2544283156376586E-03  2.1248671975583021E-03   9.1020847318848586E-01   1.9383029125071547E-03   8.5728356701449071E-02 -2.0498333353527039E-05   3.8004193037108635E-03   9.7355567815218480E-01   2.2664400877459336E-02  1.0056253282989458E-04   1.5788740955755887E-02   2.1289103656973768E-03   9.8198178614571685E-01
  9.8414251598826441E-01   1.2667472423970705E-02  -6.8486750893521063E-05   3.2584983386590161E-03  2.1253162948361472E-03   9.1012220412219524E-01   1.8772477280449597E-03   8.5875231854923850E-02 -2.2529345743298548E-05   3.6806964278719026E-03   9.7353788181284084E-01   2.2803951105031025E-02  1.0068738830287501E-04   1.5815826432660524E-02   2.1420305300515943E-03   9.8194145564898483E-01
  9.8412345576758331E-01   1.3061930128312249E-02  -1.1518563382686296E-04   2.9297997379322677E-03  2.1914316686522106E-03   9.0995885853785630E-01   2.0497314923261212E-03   8.5799978301165480E-02 -3.7890817549016500E-05   4.0189449374794083E-03   9.7352318387768400E-01   2.2495762002387121E-02  9.0530115593979825E-05   1.5802352306501594E-02   2.1131006726910428E-03   9.8199401690521326E-01
  9.8413026411620130E-01   1.2941305132709371E-02  -9.3815257219685542E-05   3.0222460083109276E-03  2.1711288501217209E-03   9.0987294446307809E-01   1.9921965504388554E-03   8.5963730136360383E-02 -3.0860486041616879E-05   3.9061952787832364E-03   9.7350349426588767E-01   2.2621170941370609E-02  9.3386159045695440E-05   1.5832898647357985E-02   2.1248999883726680E-03   9.8194881520522359E-01
  9.8414362988442439E-01   1.2703478945028671E-02  -6.1679464866701560E-05   3.2145706354136938E-03  2.1313050742559590E-03   9.0976585805914834E-01   2.0054369662103589E-03   8.6097399900386118E-02 -2.0289133497752120E-05   3.9319589202347618E-03   9.7348205286256406E-01   2.2606277350697618E-02  9.9327151044077602E-05   1.5856673912735930E-02   2.1234945697602855E-03   9.8192050436645939E-01
  9.8413101767839761E-01   1.2950635923262135E-02  -9.7487677207793068E-05   3.0158340755486734E-03  2.1727671731694743E-03   9.0964057806738308E-01   2.0605196363860587E-03   8.6126135123060110E-02 -3.2067582866021605E-05   4.0399051030424972E-03   9.7346825635869272E-01   2.2523906121131431E-02  9.3185371654692234E-05   1.5861825206855695E-02   2.1157653645686287E-03   9.8192922405692107E-01
  9.8412824484560302E-01   1.3008717401394254E-02  -9.9476540141351671E-05   2.9625142931450632E-03  2.1824253411674155E-03   9.0954652427599036E-01   2.0235530624574797E-03   8.6247497320384725E-02 -3.2721315905607053E-05   3.9675258909567706E-03   9.7345225409095737E-01   2.2612941333992491E-02  9.1537498647004806E-05   1.5884742228890886E-02   2.1241518176766875E-03   9.8189956845478576E-01
  9.8414630693835681E-01   1.2679841888947413E-02  -6.3359332697090364E-05   3.2372105053948552E-03  2.1271867687720249E-03   9.0943086931306749E-01   2.0726266582361355E-03   8.6369317259925138E-02 -2.0840793732306620E-05   4.0638058913841585E-03   9.7343099849027903E-01   2.2526036412069114E-02  1.0002465443225816E-04   1.5907569167646907E-02   2.1160076802246206E-03   9.8187639849769570E-01
  9.8413767072909042E-01   1.2905225758522682E-02  -4.3704222633889413E-05   3.0008077350202056E-03  2.1649726401545555E-03   9.0932258601751936E-01   2.0738983369971162E-03   8.6438543005329493E-02 -1.4375422508609188E-05   4.0662855707836280E-03   9.7341271828309373E-01   2.2535371568630631E-02  9.2719335146450310E-05   1.5920355822672316E-02   2.1168965901548452E-03   9.8187002825202629E-01
  9.8411279073137503E-01   1.3375517615711707E-02  -1.0108491247072906E-04   2.6127765653838203E-03  2.2438215677509990E-03   9.0920635474701261E-01   2.0937148377135778E-03   8.6456108847523416E-02 -3.3248886118301407E-05   4.1051645638364746E-03   9.7340318319904973E-01   2.2524901123230905E-02  8.0729297891631371E-05   1.5923805636795157E-02   2.1159287301406272E-03   9.8187953633517266E-01
  9.8412013450813940E-01   1.3219644187180649E-02  -1.1199710450676624E-04   2.7722184091870800E-03  2.2175426474776196E-03   9.0909619780228379E-01   2.1191831875413173E-03   8.6567076362696782E-02 -3.6837579363911392E-05   4.1552826886671924E-03   9.7338859662793464E-01   2.2492958262761886E-02  8.5655671676380767E-05   1.5945172330056684E-02   2.1129585110959441E-03   9.8185621348717123E-01
  9.8411613659128305E-01   1.3322999158568077E-02  -1.0875845243736117E-04   2.6696227025867214E-03  2.2347907352160724E-03   9.0898255682591156E-01   2.1459982363610597E-03   8.6636654202510432E-02 -3.5771802388843594E-05   4.2079667806476252E-03   9.7337260858804597E-01   2.2455196433696624E-02  8.2485352503621542E-05   1.5958562104735036E-02   2.1094342957467898E-03   9.8184951824701472E-01
  9.8413483827562231E-01   1.2941321402082914E-02  -1.0570392787046757E-04   3.0295442501649811E-03  2.1705787644393237E-03   9.0887036753662631E-01   2.1895790597183545E-03   8.6769474639215693E-02 -3.4766616648511190E-05   4.2937327300783795E-03   9.7335661114668381E-01   2.2384422739886639E-02  9.3606561967905788E-05   1.5984499249361739E-02   2.1028272198304848E-03   9.8181906696884003E-01
  9.8411425980187339E-01   1.3383363182149471E-02  -1.1102079768002840E-04   2.6133978136555491E-03  2.2445660955259239E-03   9.0876554813136923E-01   2.1756922132285827E-03   8.6814193559874964E-02 -3.6514817267098380E-05   4.2667295003440738E-03   9.7334295920250913E-01   2.2426826114413548E-02  8.0748609657537839E-05   1.5993854107042432E-02   2.1068448620830179E-03   9.8181855242121718E-01
  9.8412663180056548E-01   1.3117023676718478E-02  -1.2771523904271832E-04   2.8840597617589142E-03  2.1996628064945671E-03   9.0864802528161215E-01   2.2340530973258476E-03   8.6918258814568494E-02 -4.2004999041049174E-05   4.3815819657738002E-03   9.7332933480756600E-01   2.2331088225700998E-02  8.9112239146917245E-05   1.6014866023754598E-02   2.0978997438269491E-03   9.8179812199327143E-01
  9.8411913979484500E-01   1.3281041287882184E-02  -1.2765211517264929E-04   2.7274710324448753E-03  2.2270776565521330E-03   9.0855038677356248E-01   2.2056257337655072E-03   8.7016909836119205E-02 -4.1983605215696346E-05   4.3259380957021976E-03   9.7331602735040845E-01   2.2400018159104224E-02  8.4273593109012584E-05   1.6033627389816923E-02   2.1043986786027009E-03   9.8177770033847156E-01
  9.8411700705830685E-01   1.3341343128258604E-02  -1.2609664035165562E-04   2.6677464537866319E-03  2.2372043458086799E-03   9.0843981159152931E-01   2.2257435557619938E-03   8.7097240506899598E-02 -4.1472201662091755E-05   4.3653854880866911E-03   9.7330172801200965E-01   2.2374358701565192E-02  8.2433136103943899E-05   1.6049280464975002E-02   2.1021044499718038E-03   9.8176618194894938E-01
  9.8412157293574098E-01   1.3258764111592422E-02  -1.1878251221079925E-04   2.7384454648768514E-03  2.2232453042362668E-03   9.0834103963454660E-01   2.2116494226825972E-03   8.7224065638534798E-02 -3.9065322730302382E-05   4.3378133100928943E-03   9.7328782439445549E-01   2.2413427618182422E-02  8.4617692244519024E-05   1.6073448627356490E-02   2.1058452181401074E-03   9.8173608846225879E-01
  9.8411236023456627E-01   1.3452199604378615E-02  -1.1894634194238590E-04   2.5543865029979129E-03  2.2554386761472998E-03   9.0825264653221482E-01   2.1555901639695417E-03   8.7336324627669049E-02 -3.9120070999658699E-05   4.2284092727856680E-03   9.7327572758377301E-01   2.2534983214440158E-02  7.8930669339605502E-05   1.6095940790334301E-02   2.1172291748999994E-03   9.8170789936542613E-01
  9.8411260484958185E-01   1.3450135386878226E-02  -1.2708194410542098E-04   2.5643417076461478E-03  2.2549359650703704E-03   9.0814155707142885E-01   2.1808879241791705E-03   8.7422619039322247E-02 -4.1795923878606040E-05   4.2783456613292425E-03   9.7326304786838058E-01   2.2500402394168634E-02  7.9238251113546328E-05   1.6112956741013540E-02   2.1139718074453346E-03   9.8169383320042769E-01
  9.8412055426742140E-01   1.3304990622077267E-02  -1.0929090151426938E-04   2.6837460120165829E-03  2.2304469623490898E-03   9.0805091784601699E-01   2.1435132502044194E-03   8.7575121941429246E-02 -3.5945436057155284E-05   4.2054124169786777E-03   9.7324890308320300E-01   2.2581629935875164E-02  8.2927666342604792E-05   1.6142152833383105E-02   2.1215514576878708E-03   9.8165336804258663E-01
  9.8411221069651200E-01   1.3496873828633946E-02  -1.1863791759130339E-04   2.5095533924432839E-03  2.2626285419066888E-03   9.0791907634740876E-01   2.2304646711441339E-03   8.7587830439540326E-02 -3.9021271933603705E-05   4.3761598973176222E-03   9.7323539244394930E-01   2.2427468930666512E-02  7.7549504351985630E-05   1.6145306059274112E-02   2.1070990129789476E-03   9.8167004542339487E-01
  9.8411592191590469E-01   1.3389261540173725E-02  -1.4606663492115437E-04   2.6408831788427151E-03  2.2442599107064566E-03   9.0781998558881616E-01   2.2244317931224304E-03   8.7711322707355044E-02 -4.8042141363066610E-05   4.3648959914948660E-03   9.7322629106365777E-01   2.2456855086211081E-02  8.1609084000626615E-05   1.6170686088217340E-02   2.1099245080257443E-03   9.8163778031975635E-01
  9.8412254064783844E-01   1.3297754784354854E-02  -1.1086951991964156E-04   2.6905740877264106E-03  2.2286163949734802E-03   9.0772623119317153E-01   2.1994972061646460E-03   8.7845655205690099E-02 -3.6466428056984057E-05   4.3166563155977011E-03   9.7321053191699647E-01   2.2509278195462341E-02  8.3145492656855596E-05   1.6197837625789302E-02   2.1148241725500944E-03   9.8160419270900368E-01
  9.8411885411684363E-01   1.3363928252576887E-02  -1.2998358941350934E-04   2.6472012199915407E-03  2.2395062904510682E-03   9.0761729838670280E-01   2.2173328955587190E-03   8.7925862427286838E-02 -4.2751842091662037E-05   4.3519014850310761E-03   9.7320026296225226E-01   2.2490587394807398E-02  8.1805711885908627E-05   1.6214186329462532E-02   2.1131540836535688E-03   9.8159085387499834E-01
  9.8412677268317694E-01   1.3207785743800701E-02  -1.1659037617798546E-04   2.7820319491997231E-03  2.2131629779205964E-03   9.0753201510035741E-01   2.1642277248391122E-03   8.8090594196881700E-02 -3.8347649802491807E-05   4.2481087296703558E-03   9.7318793554049232E-01   2.2602303379639060E-02  8.5972318604498818E-05   1.6245859174048055E-02   2.1236022515406161E-03   9.8154456625580710E-01
  9.8413493429398746E-01   1.3131800595724760E-02  -5.1118239115724787E-05   2.7843833494036602E-03  2.2009689118377383E-03   9.0741674666883054E-01   2.2063767485122478E-03   8.8175907670818732E-02 -1.6817821666904714E-05   4.3309572916581680E-03   9.7316800348786991E-01   2.2517857042138288E-02  8.6070064453631391E-05   1.6262353986609052E-02   2.1157107851742657E-03   9.8153586516376301E-01
  9.8418141620204214E-01   1.2189903410341860E-02   4.9145289073814898E-05   3.5795350985435709E-03  2.0430359199749767E-03   9.0733965067051459E-01   2.1624402650383123E-03   8.8454873144472757E-02  1.6168482967066986E-05   4.2447856163012219E-03   9.7314660215471904E-01   2.2592443746013234E-02  1.1064897941561120E-04   1.6314238739850884E-02   2.1227390896572849E-03   9.8145237319107625E-01
  9.8418541585096164E-01   1.2147368392499483E-02   8.2293284765922776E-05   3.5849224717729722E-03  2.0358809404201032E-03   9.0722726476885840E-01   2.1929398083230852E-03   8.8543914482397623E-02  2.7073554865864338E-05   4.3046458155182486E-03   9.7313117234511348E-01   2.2537108284503150E-02  1.1081452661067205E-04   1.6330725221261638E-02   2.1175527242870505E-03   9.8144090752784074E-01
  9.8420545505715062E-01   1.1692257304221895E-02   1.1919744522056181E-04   3.9830901934070628E-03  1.9596175929883029E-03   9.0715005978539387E-01   2.1294906868505274E-03   8.8760831934766471E-02  3.9214016359456874E-05   4.1800084315150319E-03   9.7311717102644080E-01   2.2663606525684561E-02  1.2312086450418872E-04   1.6370423471147949E-02   2.1294436819164152E-03   9.8137701198243155E-01
  9.8419802760998276E-01   1.1906656062593751E-02   1.3439673157623327E-04   3.7609195958452912E-03  1.9954673586386265E-03   9.0703943402573506E-01   2.1412755116800904E-03   8.8823823103945210E-02  4.4214506841835165E-05   4.2033331134103610E-03   9.7310425298712289E-01   2.2648199392624708E-02  1.1625274871233850E-04   1.6382637586019599E-02   2.1279762820682773E-03   9.8137313338320009E-01
  9.8421120054124256E-01   1.1613409405672390E-02   1.6120114802200611E-04   4.0141889050617080E-03  1.9462962635412862E-03   9.0693984514737447E-01   2.1448457138938328E-03   8.8969012875190101E-02  5.3031960215036173E-05   4.2103325022704091E-03   9.7309051490073928E-01   2.2646120636775010E-02  1.2408037613333405E-04   1.6409481349510008E-02   2.1277939109382469E-03   9.8133864436341833E-01
  9.8421533212878132E-01   1.1577697666560333E-02   2.0816397729031208E-04   3.9988062273699776E-03  1.9403049674457402E-03   9.0681946706854544E-01   2.2017686409389380E-03   8.9038459323069641E-02  6.8480761908878973E-05   4.3220212445613431E-03   9.7307413135049559E-01   2.2535366643035237E-02  1.2360356164862986E-04   1.6422167252244768E-02   2.1173967748852442E-03   9.8133683241122149E-01
  9.8421104092993306E-01   1.1687730393593943E-02   2.0435493455654810E-04   3.8968737419173283E-03  1.9587199564045071E-03   9.0671842587933182E-01   2.1869380660952584E-03   8.9135916098168844E-02  6.7225389391306086E-05   4.2928184140597313E-03   9.7306400539557880E-01   2.2575950800970437E-02  1.2045194867440221E-04   1.6440236645329398E-02   2.1212670597247144E-03   9.8131804434627146E-01
  9.8421589719201374E-01   1.1583266167571327E-02   2.2079768023674243E-04   3.9800389601778730E-03  1.9412442505551530E-03   9.0662558156846829E-01   2.1563596159364130E-03   8.9276814565040330E-02  7.2633357628146546E-05   4.2326626688557788E-03   9.7305224320420292E-01   2.2642460769312173E-02  1.2302080857691392E-04   1.6465722555481205E-02   2.1275180984129303E-03   9.8128373853752926E-01
  9.8425000829732023E-01   1.0738006066119687E-02   2.8893006645920409E-04   4.7230555700997073E-03  1.7995808584979952E-03   9.0655059825730033E-01   2.1176200069175683E-03   8.9532200877284085E-02  9.5044667126325977E-05   4.1565721926405197E-03   9.7303578628308274E-01   2.2712596857150380E-02  1.4598546153281712E-04   1.6512700052126628E-02   2.1341175028380781E-03   9.8120719698350234E-01
  9.8425392660631594E-01   1.0656394898151150E-02   3.1072963618518790E-04   4.7789488593473067E-03  1.7858977756006547E-03   9.0644971678360475E-01   2.1147136306485250E-03   8.9649671810146492E-02  1.0221416375041388E-04   4.1508178675007208E-03   9.7302336902902642E-01   2.2723598939722131E-02  1.4771147063343416E-04   1.6534240584794108E-02   2.1351606217222276E-03   9.8118288732285031E-01
  9.8425583240218140E-01   1.0604893233239640E-02   3.1258876393413615E-04   4.8266856006444064E-03  1.7772780639806630E-03   9.0635680880458669E-01   2.0835731698291291E-03   8.9782339961605340E-02  1.0282415235647270E-04   4.0896058289293154E-03   9.7301314349823875E-01   2.2794426520475794E-02  1.4918506479465795E-04   1.6558392634226898E-02   2.1418212937549691E-03   9.8115060100722329E-01
  9.8425416118980624E-01   1.0654611421025154E-02   3.0700817784707284E-04   4.7842192113217441E-03  1.7853964705883008E-03   9.0624807589249645E-01   2.1005973895095800E-03   8.9865930247405967E-02  1.0098104210394461E-04   4.1232120374583439E-03   9.7300326340123278E-01   2.2772543519205515E-02  1.4786362297239484E-04   1.6574799753154679E-02   2.1397937219400491E-03   9.8113754290193245E-01
  9.8425269808779303E-01   1.0680050679433922E-02   2.9074915206540571E-04   4.7765020807068043E-03  1.7896182996108949E-03   9.0615230012751968E-01   2.0754163973720368E-03   8.9982665175497134E-02  9.5631655185124124E-05   4.0738155444492640E-03   9.7299483000547649E-01   2.2835722794888779E-02  1.4762402203975962E-04   1.6596588119629135E-02   2.1457474692980804E-03   9.8111004038903304E-01
  9.8424423334431721E-01   1.0918488043479502E-02   2.8397306318237310E-04   4.5533055490206559E-03  1.8294589636085913E-03   9.0604493358219285E-01   2.0752190029803505E-03   9.0050388451217489E-02  9.3401458503906807E-05   4.0736177843368445E-03   9.7298541483217471E-01   2.2847565924983784E-02  1.4072581265957198E-04   1.6610105535628250E-02   2.1468929903814419E-03   9.8110227566133101E-01
  9.8424035403724175E-01   1.1039527764882318E-02   2.8818417771163873E-04   4.4319340201637164E-03  1.8495888234098482E-03   9.0593610478814790E-01   2.0893840364955532E-03   9.0124922351948022E-02  9.4785067844665793E-05   4.1016950470656637E-03   9.7297493963653792E-01   2.2828580248551219E-02  1.3697513276129600E-04   1.6625267851506531E-02   2.1451494489885948E-03   9.8109260756674377E-01
  9.8424197792029711E-01   1.1001883065207926E-02   2.9226112146985434E-04   4.4638778930242151E-03  1.8431308485678081E-03   9.0584275361534505E-01   2.0642961098575156E-03   9.0249819426229116E-02  9.6124502214482190E-05   4.0527135477818046E-03   9.7296488130497638E-01   2.2886280645027374E-02  1.3796287196352584E-04   1.6649727064494357E-02   2.1506120859947184E-03   9.8106169797754705E-01
  9.8424630832156812E-01   1.0888923673819190E-02   2.9606300092754136E-04   4.5687050036865989E-03  1.8242709525967335E-03   9.0574726944290118E-01   2.0484238779825302E-03   9.0380035726518426E-02  9.7379113799141230E-05   4.0215837862756162E-03   9.7295483109249969E-01   2.2926206007427272E-02  1.4121016819797390E-04   1.6674045126972986E-02   2.1543852289120828E-03   9.8103035947591699E-01
  9.8423002629950829E-01   1.1307029372703323E-02   2.6751757850053095E-04   4.1954267492873426E-03  1.8947542973511908E-03   9.0564662728457912E-01   2.0130239515856047E-03   9.0445594466484147E-02  8.8009361505822541E-05   3.9520379610517254E-03   9.7294802903562261E-01   2.3011923641820101E-02  1.2970268458788485E-04   1.6686139095741959E-02   2.1624655675559941E-03   9.8102169265211403E-01
  9.8422107457702201E-01   1.1498627800026348E-02   2.1860016138127060E-04   4.0616974615702434E-03  1.9274002152219263E-03   9.0553356803007379E-01   2.0308662168431126E-03   9.0508165537860896E-02  7.1931991930402616E-05   3.9868237545140827E-03   9.7294298150688485E-01   2.2998262746671341E-02  1.2559624140655356E-04   1.6696711656939561E-02   2.1611877341135197E-03   9.8101650436754018E-01
  9.8420430824159899E-01   1.1916858725678603E-02   2.0008286009950889E-04   3.6787501726247424E-03  1.9978882895004425E-03   9.0542303988155215E-01   2.0291471482605447E-03   9.0549924680688121E-02  6.5849322637191146E-05   3.9833233000292579E-03   9.7293527142014302E-01   2.3015555957191805E-02  1.1377371679315018E-04   1.6703994310870968E-02   2.1628265663019928E-03   9.8101940540603350E-01
  9.8421646902549387E-01   1.1601748148292831E-02   1.9272962803497363E-04   3.9890531981785216E-03  1.9451294949212224E-03   9.0532692476346688E-01   2.0270844838957748E-03   9.0700861257716037E-02  6.3432076503599312E-05   3.9793048298383798E-03   9.7292646044221631E-01   2.3030802651441928E-02  1.2337718124050354E-04   1.6732134265970144E-02   2.1642809869743028E-03   9.8098020756581517E-01
  9.8420926871473791E-01   1.1797295450801548E-02   1.8967246154523009E-04   3.8037633729149645E-03  1.9779868741261440E-03   9.0520671252268692E-01   2.0691259410465070E-03   9.0746174662140744E-02  6.2424961830779191E-05   4.0616264751763189E-03   9.7291701003798947E-01   2.2958938525002703E-02  1.1764430293815294E-04   1.6739588817766327E-02   2.1575218801994788E-03   9.8098524499909612E-01
  9.8422314881308626E-01   1.1464296927790246E-02   2.1356379324713063E-04   4.0989904658769588E-03  1.9228289674114944E-03   9.0511795685907681E-01   2.0375821541753483E-03   9.0921632019336340E-02  7.0303557620794653E-05   3.9991857331137144E-03   9.7290554829191445E-01   2.3024962417352114E-02  1.2680187043321699E-04   1.6769601555999381E-02   2.1637047833517509E-03   9.8093989179021579E-01
  9.8419643809294244E-01   1.2080339844368723E-02   1.5010860268830793E-04   3.5731134600000825E-03  2.0262888032489285E-03   9.0500779169124934E-01   2.0211097448435212E-03   9.0944809760659329E-02  4.9413874557284809E-05   3.9665326142405109E-03   9.7290265540044585E-01   2.3081398110755949E-02  1.1053139735887852E-04   1.6772375614531904E-02   2.1689904471748171E-03   9.8094810254093434E-01
  9.8420863101838674E-01   1.1839176310578264E-02   2.0736281742930220E-04   3.7448298536063157E-03  1.9862237951266907E-03   9.0492092656037670E-01   1.9795752087378659E-03   9.1113274435758673E-02  6.8268289364104961E-05   3.8846638992832069E-03   9.7288793966722364E-01   2.3159128144127301E-02  1.1585452180788106E-04   1.6801801943484601E-02   2.1762809916065634E-03   9.8090606254310087E-01
  9.8420138560292802E-01   1.2009456558718115E-02   1.8712275427166093E-04   3.6020350840826193E-03  2.0152033058183274E-03   9.0480897640871161E-01   1.9978878115261664E-03   9.1177932473943901E-02  6.1614830560070830E-05   3.9204348694312522E-03   9.7288068339123412E-01   2.3137266908775312E-02  1.1145545851662430E-04   1.6813093685112801E-02   2.1742366072493419E-03   9.8090121424912124E-01
  9.8417086246051588E-01   1.2690478259554258E-02   1.2406948459774348E-04   3.0145897953338663E-03  2.1297693642176492E-03   9.0468822023409878E-01   2.0187293325182581E-03   9.1163281069166935E-02  4.0858001042071419E-05   3.9612809401608148E-03   9.7287777188858515E-01   2.3120089170210668E-02  9.3288446475155423E-05   1.6809894877506032E-02   2.1725861362016899E-03   9.8092423053981714E-01
  9.8418234059422915E-01   1.2427525183435775E-02   1.2946321437223556E-04   3.2606710079613049E-03  2.0856359094823754E-03   9.0459277200636856E-01   2.0092234928264664E-03   9.1312368591321857E-02  4.2633632247279721E-05   3.9425785313625594E-03   9.7286816490079198E-01   2.3146622935597716E-02  1.0090261292167559E-04   1.6837251347383342E-02   2.1750894332613008E-03   9.8088675660643387E-01
  9.8418924737797453E-01   1.2306224593511703E-02   1.6975304031063084E-04   3.3347749882027961E-03  2.0653982997720661E-03   9.0450304014559157E-01   1.9712935592416441E-03   9.1460267995394751E-02  5.5900707917630132E-05   3.8678718005044225E-03   9.7285526929347488E-01   2.3220958198103245E-02  1.0319365124474358E-04   1.6863197829325716E-02   2.1820607318619066E-03   9.8085154778756767E-01
  9.8418456535551091E-01   1.2407936923989116E-02   1.6475963007849448E-04   3.2427380904200276E-03  2.0824863262039906E-03   9.0442485183940025E-01   1.8883342525657727E-03   9.1604327581830014E-02  5.4255570870582483E-05   3.7050137043970676E-03   9.7284695205800908E-01   2.3393778666723434E-02  1.0034443441328577E-04   1.6889423518326424E-02   2.1983066003015712E-03   9.8081192544695894E-01
  9.8417609784603166E-01   1.2604398770871245E-02   1.4849853336727884E-04   3.0710048497297193E-03  2.1154770966177114E-03   9.0430954967078858E-01   1.9183567375682946E-03   9.1656616495025545E-02  4.8900067856204253E-05   3.7638341295778248E-03   9.7283968338859295E-01   2.3347582413972584E-02  9.5029157656102096E-05   1.6898727605679148E-02   2.1939715776466738E-03   9.8081227165901830E-01
  9.8418137955614371E-01   1.2495963245144681E-02   1.5242467930755540E-04   3.1702325194046116E-03  2.0972533422868676E-03   9.0419524563948683E-01   1.9623504029084929E-03   9.1745150615317961E-02  5.0192212583191891E-05   3.8501393956276715E-03   9.7283025270371848E-01   2.3269415688070588E-02  9.8098877752736836E-05   1.6915112262988502E-02   2.1866403090897301E-03   9.8080014855016906E-01
  9.8418875043818044E-01   1.2332526937199675E-02   1.6430929504892151E-04   3.3144133295708866E-03  2.0697990336259603E-03   9.0410407709382501E-01   1.9360788773081223E-03   9.1890044995241005E-02  5.4104940255245552E-05   3.7985839523012148E-03   9.7282025595298971E-01   2.3327055154454223E-02  1.0255955467750174E-04   1.6941888400111238E-02   2.1920708470302098E-03   9.8076348119818102E-01
  9.8416679815749686E-01   1.2781118226687427E-02   9.3346555839272786E-05   2.9587370599751528E-03  2.1451265344892834E-03   9.0399818732844905E-01   1.9235556915529694E-03   9.1933130445507438E-02  3.0737377570945281E-05   3.7738898069061139E-03   9.7281880113973473E-01   2.3376571675787404E-02  9.1552447726420995E-05   1.6949292489503914E-02   2.1967260217053324E-03   9.8076242904106448E-01
  9.8415970304897515E-01   1.2986890493519698E-02   1.1686878377558584E-04   2.7365376737307906E-03  2.1795934583374657E-03   9.0388301673330507E-01   1.9562782522493313E-03   9.1981111556108885E-02  3.8482275702602230E-05   3.8381552004017648E-03   9.7280757299170584E-01   2.3315789532190136E-02  8.4676546921950979E-05   1.6958601857671340E-02   2.1910364978748403E-03   9.8076568509753193E-01
  9.8415368427711747E-01   1.3113016778833947E-02   9.9803945182282708E-05   2.6334949988654766E-03  2.2007134879830081E-03   9.0377917835807386E-01   1.9568048859849238E-03   9.2063303267958863E-02  3.2862728988055926E-05   3.8392160463203181E-03   9.7280062953680091E-01   2.3327291687891598E-02  8.1487598498765183E-05   1.6974019089340403E-02   2.1921356485879091E-03   9.8075235766357260E-01
  9.8416266524372353E-01   1.2910136761574889E-02   9.4342233311232854E-05   2.8328557613905986E-03  2.1665742225298566E-03   9.0367315958808769E-01   1.9810454139785006E-03   9.2179220775404525E-02  3.1063883458832251E-05   3.8868814794710709E-03   9.7279235056133806E-01   2.3289704075732082E-02  8.7656150807369389E-05   1.6996059280810716E-02   2.1886298008343915E-03   9.8072765476754742E-01
  9.8416764864005157E-01   1.2806441720662920E-02   9.7479611602254199E-05   2.9284300276831848E-03  2.1491036568815555E-03   9.0356804138341618E-01   1.9976794559610411E-03   9.2285175503740269E-02  3.2095821544391608E-05   3.9195086226024179E-03   9.7278332045153093E-01   2.3265075104323806E-02  9.0613247321885866E-05   1.7016094937817194E-02   2.1863847803028163E-03   9.8070690703455821E-01
  9.8415965459209775E-01   1.3010725083326985E-02   1.0056497017161598E-04   2.7290553544038892E-03  2.1832716820393838E-03   9.0345237035282666E-01   2.0343407458479077E-03   9.2330017219286020E-02  3.3111211737360144E-05   3.9915884889448819E-03   9.7277417323168858E-01   2.3201127067628276E-02  8.4444019966120696E-05   1.7025237935951149E-02   2.1804056178343404E-03   9.8070991242624861E-01
  9.8416431597495124E-01   1.2900504945879021E-02   9.6035090494365241E-05   2.8391439886760739E-03  2.1647503118064036E-03   9.0335758198511773E-01   2.0171780046882599E-03   9.2460489698387160E-02  3.1619275817465421E-05   3.9579025021514794E-03   9.7276619751062565E-01   2.3244280711405229E-02  8.7849736264677351E-05   1.7049361978462879E-02   2.1844755392104289E-03   9.8067831274606210E-01
