1267
260
482
674
1099
1303
1304
1306
1325
1507
1520
1008
1084
1102
1282
1288
1344
1345
1347
1444
1531
34
131
141
142
156
159
519
1070
1258
1342
118
603
634
840
989
997
1101
1208
1457
1538
219
428
438
440
453
1209
1294
1308
1456
1527
51
253
264
544
632
1100
1210
1336
1445
1478
514
631
940
1001
1006
1090
1192
1196
1200
1519
112
259
362
545
546
633
1007
1213
1343
1375
1
547
628
868
911
1009
1038
1333
1415
1532
155
244
523
612
1056
1184
1211
1212
1490
1525
13
43
157
234
548
717
942
1000
1078
1369
262
599
850
851
866
921
1021
1086
1382
1528
7
205
258
357
936
974
1157
1159
1381
1446
21
454
518
798
869
1010
1076
1135
1331
1399
871
999
1027
1039
1156
1272
1356
1469
1506
1530
50
413
606
684
710
714
765
1094
1305
1492
256
353
795
941
1040
1046
1088
1241
1323
1497
110
359
456
1082
1259
1330
1363
1403
1526
1534
88
246
356
516
529
715
953
1148
1166
1522
33
116
506
797
839
931
943
981
1486
1533
114
181
425
794
796
1098
1332
1341
1509
1514
358
432
492
985
1249
1281
1307
1417
1454
1480
49
242
554
902
965
976
1053
1085
1186
1264
223
522
578
588
589
939
1026
1429
1468
1471
48
154
209
455
870
1315
1384
1464
1488
1535
24
217
261
320
500
521
689
991
1041
1505
130
610
635
1017
1069
1125
1183
1443
1479
1529
52
99
128
326
333
1096
1191
1364
1430
1489
248
527
793
832
945
1103
1346
1414
1463
1537
3
803
973
1013
1283
1309
1351
1370
1380
1390
103
104
158
254
502
614
616
711
716
905
153
207
231
414
474
543
932
1139
1145
1539
499
510
531
772
1246
1284
1398
1473
1499
1512
139
238
361
539
591
1072
1158
1235
1297
1536
55
318
407
914
1054
1058
1129
1162
1339
1508
193
215
245
415
601
686
1077
1092
1470
1513
9
47
135
273
501
630
1003
1044
1290
1450
162
221
316
343
533
998
1014
1194
1316
1521
140
229
517
827
843
944
975
1005
1217
1482
0
257
330
436
907
1087
1190
1366
1383
1474
143
151
208
233
355
512
934
1302
1424
1455
381
643
699
838
979
1108
1174
1240
1311
1459
422
427
549
590
776
924
1011
1202
1292
1495
5
70
310
595
707
768
933
1348
1475
1516
211
713
718
876
910
918
993
1107
1491
1498
46
148
541
617
697
1004
1080
1324
1352
1494
28
78
508
922
1015
1071
1146
1187
1378
1465
109
124
225
322
406
757
988
1198
1289
1401
102
216
602
763
1068
1093
1206
1293
1298
1371
32
240
263
360
505
526
673
1048
1185
1481
11
20
243
450
834
853
938
977
1109
1504
145
252
471
555
676
709
831
1081
1243
1416
36
126
693
1083
1128
1141
1261
1291
1449
1472
61
371
409
872
1104
1214
1295
1362
1485
1501
120
164
337
563
597
604
625
904
992
1300
227
423
484
618
847
897
1097
1376
1397
1476
160
206
236
452
535
624
1106
1111
1116
1409
57
295
319
592
935
1002
1204
1340
1365
1447
106
183
507
530
537
560
608
682
701
1143
44
251
328
421
670
1023
1052
1195
1432
1496
23
345
408
478
956
1244
1296
1387
1461
1510
63
129
218
309
341
457
680
726
764
1448
150
306
442
778
1199
1203
1451
1458
1515
1523
210
317
867
948
1055
1066
1137
1165
1260
1337
19
137
354
542
761
983
1089
1327
1349
1360
17
149
265
567
605
874
926
980
1234
1467
90
180
241
368
417
862
1155
1338
1385
1453
144
412
431
445
461
755
1025
1075
1091
1483
324
448
594
648
801
899
906
1131
1312
1350
111
170
214
255
613
645
958
1266
1487
1493
232
451
538
636
833
995
1042
1095
1248
1400
59
100
152
312
473
573
675
747
865
1245
133
247
391
437
719
1216
1247
1251
1322
1500
41
53
269
515
532
571
758
1285
1301
1462
2
113
166
463
626
770
898
937
952
1197
38
122
332
685
855
987
1064
1134
1144
1189
35
203
230
250
503
556
623
1057
1225
1280
222
366
419
691
887
901
908
1020
1335
1358
82
161
191
220
426
629
792
1160
1413
1420
105
127
315
321
378
430
498
928
1207
1452
