189
142
157
1070
1209
1282
1303
1344
1513
1519
1520
519
632
717
989
1139
1347
1443
1490
1522
1531
118
159
603
1006
1084
1085
1101
1102
1196
1237
34
131
141
428
544
1087
1294
1308
1343
1444
219
253
260
261
614
1007
1099
1210
1336
1527
514
633
634
840
940
998
1100
1200
1445
1471
155
545
546
1038
1213
1304
1375
1380
1382
1478
7
11
50
112
330
438
868
911
934
1532
244
453
523
631
711
1078
1192
1212
1333
1345
1
43
234
548
850
1009
1056
1306
1369
1525
205
259
547
869
1008
1211
1259
1415
1507
1533
156
510
518
605
974
1184
1317
1325
1381
1528
353
454
684
797
942
1027
1082
1094
1156
1332
258
262
715
1010
1157
1161
1241
1272
1305
1456
356
864
871
935
943
1046
1048
1086
1330
1340
256
359
786
794
944
1041
1166
1331
1446
1530
110
116
246
355
413
714
1281
1399
1469
1509
33
529
599
870
981
1039
1470
1480
1488
1534
88
154
456
765
1088
1098
1355
1416
1506
1526
426
506
527
939
964
976
1307
1342
1384
1505
17
49
425
492
602
796
967
1000
1104
1351
223
242
358
539
592
692
795
985
1135
1315
48
455
991
1096
1191
1249
1363
1403
1454
1538
209
500
516
533
578
1019
1264
1465
1494
1535
114
207
217
432
606
902
988
1288
1341
1539
24
233
1076
1112
1183
1323
1414
1457
1489
1492
128
320
333
589
793
1069
1159
1370
1406
1479
52
99
158
630
1235
1309
1364
1468
1486
1529
499
689
941
973
1072
1103
1429
1430
1499
1537
3
231
635
716
803
905
1013
1017
1129
1158
103
104
238
322
502
531
1011
1295
1346
1512
78
139
474
610
616
776
918
945
1190
1270
229
254
361
521
838
932
1003
1284
1398
1436
153
193
382
407
588
1040
1186
1417
1514
1521
55
208
215
318
415
591
686
1044
1246
1339
47
130
135
243
595
907
1058
1077
1289
1508
313
512
832
1005
1162
1194
1463
1473
1482
1536
21
143
221
257
517
601
839
1283
1428
1455
51
162
316
343
541
674
843
1145
1302
1474
501
549
597
914
1054
1119
1217
1290
1311
1352
0
64
140
357
543
975
1021
1258
1495
1498
151
436
526
555
563
643
699
993
1092
1348
9
310
325
924
1001
1206
1366
1383
1450
1475
248
278
508
834
876
933
936
1026
1240
1516
216
713
768
772
910
922
1208
1378
1459
1472
46
148
211
406
423
590
618
1185
1401
1447
709
718
999
1004
1108
1146
1198
1298
1324
1491
5
32
252
360
478
530
851
1080
1128
1292
109
206
440
676
697
724
980
1068
1083
1093
263
450
505
560
673
707
853
872
904
1015
28
326
1090
1141
1165
1173
1202
1291
1449
1497
145
245
372
381
471
484
938
1300
1501
1504
59
102
120
227
247
909
1071
1243
1481
1485
36
124
126
337
831
1187
1199
1297
1432
1453
236
452
636
847
977
992
1002
1081
1204
1376
183
409
421
537
670
726
1055
1244
1261
1362
57
106
160
535
608
693
1097
1143
1293
1524
306
354
427
507
625
682
755
931
1023
1214
44
61
414
723
987
1107
1365
1387
1476
1510
20
241
341
345
457
628
701
1052
1066
1451
23
218
251
265
328
542
1075
1195
1296
1337
150
225
317
417
613
710
761
956
1458
1462
149
442
522
598
615
801
823
899
948
1203
168
309
624
680
983
1137
1327
1349
1496
1515
89
164
195
210
778
867
1042
1089
1111
1461
19
129
144
448
571
874
926
1260
1266
1360
180
214
368
412
451
758
1091
1109
1338
1523
13
482
515
906
1025
1155
1234
1245
1322
1350
232
255
461
645
648
997
1095
1131
1285
1467
111
166
567
594
865
1253
1385
1400
1487
1493
133
324
458
538
552
719
958
1216
1312
1409
137
152
294
408
833
979
1189
1197
1248
1483
41
100
439
473
532
763
995
1118
1225
1301
2
53
312
332
573
626
675
764
921
1134
35
113
264
366
503
623
757
770
1064
1390
38
75
122
250
525
629
685
855
952
1016
82
172
230
435
447
463
604
984
1057
1500
101
222
351
430
792
901
1335
1358
1448
1452
127
240
321
378
391
556
879
1201
1280
1397
105
203
284
319
617
912
937
1014
1144
1374
170
344
498
754
798
814
862
1207
1268
1413
45
161
267
329
486
700
1153
1160
1431
1511
31
63
115
191
220
446
898
1287
1371
1484
269
315
620
712
790
1105
1164
1247
1299
1477
609
627
708
734
970
972
990
1130
1321
1464
138
178
237
467
528
558
658
688
842
887
42
362
418
806
863
928
1168
1257
1273
1326
308
424
536
652
897
1062
1138
1389
1438
1460
352
554
780
889
908
994
1147
1313
1373
1411
15
496
520
622
775
837
1033
1051
1073
1517
182
228
641
835
930
1142
1255
1367
1379
1404
192
385
459
540
600
672
866
968
1205
1262
8
147
176
335
405
469
861
925
1063
1220
22
86
273
416
511
799
802
1037
1269
1405
271
350
419
550
561
587
668
1024
1149
1372
26
187
364
441
476
703
903
916
1251
1418
98
449
465
637
683
788
854
969
1079
1466
37
281
756
873
883
1193
1215
1334
1386
1442
4
134
612
691
706
1029
1252
1267
1319
1395
117
311
534
677
816
857
960
966
1050
1502
