1017
1157
1184
1186
1209
1282
1303
1324
1344
1459
1520
142
156
545
632
1007
1008
1193
1347
1469
1531
118
603
634
1078
1082
1084
1098
1100
1101
1338
34
428
519
544
606
987
1294
1297
1382
1443
50
141
219
253
259
262
1006
1038
1455
1527
438
514
614
633
840
1102
1200
1210
1260
1345
260
938
940
1001
1087
1099
1211
1304
1333
1343
7
112
143
330
362
546
548
868
1444
1532
244
453
547
1056
1306
1375
1490
1508
1521
1525
1
155
355
523
631
1000
1009
1070
1192
1212
17
717
850
851
942
974
1010
1160
1415
1528
43
157
684
798
1086
1332
1369
1446
1519
1533
234
258
356
454
518
715
869
999
1104
1139
256
539
765
943
1027
1272
1331
1342
1381
1507
110
711
871
989
1039
1166
1305
1323
1456
1530
131
456
527
794
795
944
1156
1355
1399
1497
203
359
413
529
714
864
1046
1147
1417
1509
88
455
911
953
1330
1480
1489
1522
1536
1538
246
506
839
981
1088
1213
1241
1281
1526
1534
49
114
154
159
181
592
1096
1259
1364
1486
33
116
492
599
796
939
1040
1143
1465
1505
358
425
432
902
965
1085
1244
1249
1307
1403
223
242
500
516
533
704
797
870
1264
1494
320
561
976
985
1076
1341
1471
1488
1506
1514
3
48
217
991
1020
1135
1183
1315
1384
1535
24
128
209
1041
1069
1094
1414
1439
1447
1468
52
99
233
322
333
510
630
793
945
1288
207
386
589
689
1026
1159
1191
1325
1380
1457
158
261
610
1013
1121
1309
1346
1479
1492
1537
104
231
238
499
616
941
1370
1429
1430
1529
521
531
601
803
905
973
1011
1363
1390
1454
153
254
316
591
716
918
1077
1235
1284
1499
132
208
415
474
502
588
635
998
1129
1512
21
361
501
776
1044
1058
1103
1308
1351
1513
55
139
193
215
1072
1162
1336
1339
1463
1473
9
245
407
427
512
686
933
1003
1190
1470
135
140
221
278
541
932
1005
1292
1383
1539
162
343
595
674
843
934
1194
1240
1302
1401
46
51
64
257
318
832
838
1054
1217
1290
0
151
517
924
975
1021
1092
1158
1398
1474
229
357
436
643
699
1258
1311
1445
1495
1516
47
130
248
326
543
597
936
1206
1450
1482
508
618
772
914
1109
1116
1208
1283
1366
1491
310
312
390
549
768
876
907
910
1185
1199
78
252
526
922
993
1055
1089
1196
1475
1498
148
360
450
555
697
713
1004
1291
1348
1378
5
32
70
218
406
478
709
834
1071
1198
590
625
718
763
980
1048
1080
1128
1289
1298
109
211
263
609
988
1015
1173
1202
1295
1449
28
127
243
423
440
673
707
853
935
1068
103
240
530
560
676
1083
1145
1300
1416
1504
57
120
145
164
205
225
353
977
1093
1420
11
36
381
505
831
1141
1165
1409
1481
1485
102
126
421
471
600
872
897
1337
1453
1472
227
337
535
563
904
1090
1214
1246
1261
1501
236
452
726
847
992
1081
1097
1204
1352
1362
61
206
354
605
624
693
755
764
1108
1397
160
309
370
409
507
537
608
670
1376
1524
106
124
183
251
682
1002
1052
1243
1432
1510
214
341
345
414
457
628
1285
1365
1387
1476
23
44
210
484
680
710
758
1023
1293
1296
317
328
522
701
931
956
1107
1320
1458
1462
442
542
617
778
801
1066
1327
1461
1496
1515
19
149
168
571
761
948
983
1025
1203
1266
41
150
368
412
458
867
1075
1137
1155
1349
89
195
241
602
874
926
997
1195
1234
1451
180
265
306
324
532
984
1111
1360
1487
1523
13
451
482
552
648
906
1091
1245
1350
1467
137
448
594
623
899
958
1131
1189
1216
1385
111
232
255
408
461
538
833
1095
1253
1483
418
430
567
645
757
865
979
1248
1400
1493
101
152
216
247
294
515
995
1134
1144
1335
100
166
573
719
862
921
937
1225
1247
1301
2
53
59
332
426
473
613
675
1014
1448
38
75
122
503
556
626
685
855
1042
1064
144
230
366
417
629
747
908
1280
1340
1374
35
113
133
222
250
525
636
1057
1197
1500
82
284
321
391
439
498
898
916
1201
1358
172
264
447
528
792
952
970
1268
1379
1413
105
129
319
463
770
814
879
1164
1313
1431
138
170
191
344
351
688
1168
1207
1478
1484
115
161
269
329
378
554
754
1105
1153
1511
63
220
267
446
790
972
1187
1312
1405
1452
31
45
237
467
486
620
712
990
1371
1464
178
315
435
658
700
842
887
1237
1257
1477
419
540
627
708
724
775
901
1130
1146
1269
20
558
652
806
837
928
994
1050
1299
1321
42
350
424
520
536
598
622
863
1016
1287
308
604
802
1033
1063
1138
1149
1255
1367
1438
496
641
780
889
909
1142
1373
1389
1411
1517
15
228
385
683
696
913
930
1019
1250
1270
187
311
459
465
672
681
866
966
1326
1460
335
364
476
703
788
873
925
1073
1220
1262
271
416
550
969
1174
1205
1319
1334
1372
1442
8
37
117
147
469
799
1024
1037
1418
1436
4
26
86
176
192
273
352
587
835
1062
98
200
441
511
534
615
637
883
1395
1466
281
449
668
756
968
1029
1115
1215
1386
1404
22
612
677
691
857
1053
1079
1267
1275
1406
90
212
513
575
706
727
854
861
903
1322
